1: 39 
2: 39 68 
3: 39 68 73 
4: 39 68 73 42 
5: 39 68 73 42 29 
6: 39 68 73 42 29 80 
7: 39 68 73 42 29 80 5 
8: 39 68 73 42 29 80 5 95 
9: 39 68 73 42 29 80 5 95 26 
10: 39 68 73 42 29 80 5 95 26 86 
11: 39 68 73 42 29 80 5 95 26 86 51 
12: 39 68 73 42 29 80 5 95 26 86 51 71 
13: 39 68 73 42 29 80 5 95 26 86 51 71 3 
14: 39 68 73 42 29 80 5 95 26 86 51 71 3 10 
15: 39 68 73 42 29 80 5 95 26 86 51 71 3 10 41 
16: 39 68 73 42 29 80 5 95 26 86 51 71 3 10 41 78 
17: 39 73 42 29 80 5 95 26 86 51 71 3 10 41 78 
18: 39 73 42 29 80 5 95 26 86 51 71 3 10 41 78 28 
19: 39 73 42 29 80 5 95 26 86 51 71 3 10 41 78 28 50 
20: 39 73 42 29 80 5 95 26 86 51 71 3 10 41 78 28 50 35 
21: 39 73 42 29 80 5 95 26 86 51 71 3 10 41 78 28 50 35 11 
22: 39 73 42 29 80 5 95 26 86 51 71 3 10 41 78 28 50 35 11 72 
23: 39 73 42 29 80 5 95 26 86 51 71 3 10 41 78 50 35 11 72 
24: 39 73 42 29 80 5 95 26 86 51 71 3 10 41 78 50 35 11 72 76 
25: 39 73 42 29 80 5 95 26 86 51 71 3 10 41 78 50 35 11 72 76 2 
26: 39 73 42 29 80 5 95 26 86 51 71 3 10 41 78 50 35 11 72 76 
27: 39 73 42 29 80 5 95 26 86 51 71 3 10 41 78 50 35 11 72 76 37 
28: 39 73 42 29 80 5 95 26 86 51 71 3 10 41 78 50 35 11 72 76 37 48 
29: 39 73 42 29 80 5 95 26 86 51 71 3 10 41 78 50 35 11 72 76 37 48 34 
30: 39 73 42 29 80 5 95 86 51 71 3 10 41 78 50 35 11 72 76 37 48 34 
31: 39 73 42 29 80 5 95 86 51 71 3 10 41 78 50 35 11 72 76 37 48 34 23 
32: 39 73 42 29 80 5 95 86 51 71 3 10 41 78 50 35 11 72 76 37 48 34 23 60 
33: 39 73 42 29 80 5 95 86 51 71 3 10 41 78 50 35 11 72 76 37 48 34 23 60 66 
34: 39 73 42 29 80 5 95 86 51 71 3 10 41 78 50 35 11 72 76 37 48 34 23 60 66 83 
35: 39 73 42 29 80 5 95 86 51 71 3 10 41 78 50 35 11 72 76 37 48 34 23 60 66 83 87 
36: 39 73 42 29 80 5 95 86 51 71 3 10 41 78 50 35 11 72 76 37 48 34 23 60 66 83 87 28 
37: 39 73 42 29 80 5 95 86 51 71 3 10 41 78 50 35 11 72 37 48 34 23 60 66 83 87 28 
38: 39 73 42 29 80 5 95 86 51 71 3 10 41 78 50 35 11 72 37 48 34 23 60 66 83 87 28 30 
39: 39 73 29 80 5 95 86 51 71 3 10 41 78 50 35 11 72 37 48 34 23 60 66 83 87 28 30 
40: 39 73 29 80 5 95 86 51 71 3 10 41 78 50 35 11 72 37 48 34 23 60 66 83 87 28 30 63 
41: 39 73 29 80 5 95 86 51 71 3 10 41 78 50 35 11 72 37 48 34 23 60 66 83 87 28 30 63 97 
42: 39 73 29 80 5 95 86 51 71 3 10 41 78 50 35 11 72 37 48 34 23 60 66 83 87 28 30 63 97 36 
43: 39 73 29 80 5 95 86 51 71 3 10 41 78 50 35 11 72 37 48 34 23 60 66 83 87 28 30 63 97 36 55 
44: 39 73 29 80 5 95 86 51 71 3 10 41 78 50 35 11 72 37 48 34 23 60 66 83 87 28 30 63 97 36 55 82 
45: 39 73 29 80 5 95 86 51 71 3 10 41 78 50 35 11 72 37 48 34 23 60 66 83 87 28 30 63 97 36 55 82 46 
46: 39 73 29 80 5 95 86 51 71 3 10 41 78 50 35 11 72 37 48 34 23 60 66 83 87 28 30 63 97 36 55 82 
47: 39 73 29 80 5 95 86 51 71 3 10 41 78 50 35 11 72 37 48 34 23 60 66 83 87 28 30 63 97 36 55 82 85 
48: 39 73 29 80 5 95 86 51 71 3 10 41 78 50 35 11 72 37 48 34 23 60 66 83 87 28 30 97 36 55 82 85 
49: 39 73 29 80 5 95 86 51 71 3 10 41 78 50 35 11 72 37 48 34 23 60 66 83 87 28 30 97 36 55 82 85 9 
50: 39 73 29 80 5 95 86 51 71 3 10 41 78 50 35 11 72 37 48 34 23 60 66 83 87 28 30 97 36 55 82 85 9 77 
51: 39 73 29 80 5 95 86 51 71 3 10 41 78 50 35 11 72 37 48 34 23 60 66 83 87 28 30 97 36 55 82 85 9 77 13 
52: 39 73 29 80 5 95 86 51 71 3 10 41 78 50 35 11 72 37 48 34 23 60 66 83 87 28 30 97 36 55 82 85 9 77 13 4 
53: 39 73 29 80 5 95 86 51 71 3 10 41 78 50 35 11 72 37 48 34 23 60 66 83 87 28 30 97 36 55 82 85 9 77 13 4 45 
54: 39 73 29 80 5 95 86 51 71 3 10 41 78 50 35 11 72 37 48 34 23 60 66 83 87 28 30 97 36 55 82 85 9 77 13 4 45 2 
55: 39 73 29 80 5 95 86 51 71 3 10 41 78 50 35 11 72 37 48 34 23 60 66 83 87 28 30 97 36 55 82 85 9 77 13 4 45 2 79 
56: 39 73 29 80 5 95 86 51 71 3 10 41 78 50 35 11 72 37 48 34 23 60 66 83 87 28 30 97 36 55 82 85 9 77 13 4 45 2 79 8 
57: 39 73 29 80 5 95 51 71 3 10 41 78 50 35 11 72 37 48 34 23 60 66 83 87 28 30 97 36 55 82 85 9 77 13 4 45 2 79 8 
58: 39 73 29 80 5 95 51 71 3 10 41 78 50 35 11 72 37 48 34 23 60 66 83 87 28 30 97 36 55 82 85 9 77 13 4 45 2 79 8 67 
59: 39 73 29 80 5 95 51 71 3 10 41 78 50 35 11 72 37 48 34 23 60 66 83 87 28 30 97 36 55 82 85 9 77 13 4 45 2 79 8 67 21 
60: 39 73 29 80 5 95 51 71 3 10 41 78 50 35 11 72 37 48 34 23 60 66 83 87 28 30 97 36 55 82 85 9 77 13 4 45 2 79 8 67 21 26 
61: 39 73 29 80 5 95 51 71 3 10 41 78 50 35 11 72 37 48 34 23 60 66 83 87 28 30 97 36 55 82 85 9 77 13 4 45 2 79 8 67 21 26 15 
62: 39 73 29 80 5 95 51 71 3 10 41 78 50 35 11 72 37 48 34 23 60 66 83 87 28 30 97 36 55 82 85 9 77 13 45 2 79 8 67 21 26 15 
63: 39 73 29 80 5 95 51 71 3 10 41 78 50 35 11 72 37 48 34 23 60 66 83 87 28 30 97 36 55 85 9 77 13 45 2 79 8 67 21 26 15 
64: 39 73 29 80 5 95 51 71 3 10 41 78 50 35 11 72 37 48 34 23 60 66 83 87 28 30 97 36 55 85 9 77 13 45 2 79 8 67 21 26 15 18 
65: 39 73 29 80 5 95 51 71 3 10 41 78 50 35 11 72 37 48 34 23 60 66 83 87 28 30 97 36 55 85 77 13 45 2 79 8 67 21 26 15 18 
66: 39 73 29 80 5 95 51 71 3 10 78 50 35 11 72 37 48 34 23 60 66 83 87 28 30 97 36 55 85 77 13 45 2 79 8 67 21 26 15 18 
67: 39 73 29 80 5 95 51 71 3 10 78 50 35 11 72 37 48 34 23 60 66 83 87 28 30 97 36 55 85 77 13 45 2 79 8 21 26 15 18 
68: 39 73 29 80 5 95 51 71 3 10 78 50 35 11 72 37 48 34 23 60 66 83 87 28 30 97 36 55 85 77 13 45 2 79 8 21 26 15 18 88 
69: 39 73 29 80 5 95 51 71 3 10 78 50 35 11 72 37 48 34 23 60 66 83 87 28 30 97 36 55 85 77 13 45 2 79 8 21 26 15 18 88 20 
70: 39 73 29 80 5 95 51 71 3 10 78 50 35 11 72 37 48 34 23 60 66 83 87 28 30 97 36 55 85 13 45 2 79 8 21 26 15 18 88 20 
71: 39 73 29 80 5 95 51 71 3 10 78 50 35 11 72 37 48 34 23 60 66 83 87 28 30 97 36 55 85 13 45 2 79 8 21 26 15 18 88 20 67 
72: 39 73 29 80 5 95 51 71 3 10 78 50 35 11 72 37 48 34 23 60 66 83 87 28 30 97 36 55 85 13 45 2 79 8 21 26 15 18 88 20 67 38 
73: 39 73 80 5 95 51 71 3 10 78 50 35 11 72 37 48 34 23 60 66 83 87 28 30 97 36 55 85 13 45 2 79 8 21 26 15 18 88 20 67 38 
74: 39 73 80 5 95 51 71 3 10 78 50 35 11 72 37 48 34 23 60 66 83 87 28 30 97 36 55 85 13 45 2 79 8 26 15 18 88 20 67 38 
75: 39 73 80 5 95 51 71 3 10 78 50 35 11 72 37 48 34 23 60 66 83 87 28 30 97 36 55 85 13 45 2 79 8 26 15 18 88 20 67 38 22 
76: 39 73 80 5 95 51 71 3 10 78 50 35 11 72 37 48 34 23 60 66 83 87 28 30 97 36 55 85 13 45 2 79 8 15 18 88 20 67 38 22 
77: 39 73 80 5 95 51 71 3 10 78 50 35 11 72 37 48 34 23 60 66 83 87 28 30 97 36 55 85 13 45 2 79 8 15 18 88 20 67 38 22 99 
78: 39 73 80 5 95 51 71 3 10 78 50 35 11 72 37 48 34 23 60 66 83 87 28 30 97 36 55 85 13 45 2 79 8 15 18 88 20 67 38 22 99 98 
79: 39 73 80 95 51 71 3 10 78 50 35 11 72 37 48 34 23 60 66 83 87 28 30 97 36 55 85 13 45 2 79 8 15 18 88 20 67 38 22 99 98 
80: 39 73 80 95 51 71 3 10 78 50 35 11 72 37 48 34 23 60 66 87 28 30 97 36 55 85 13 45 2 79 8 15 18 88 20 67 38 22 99 98 
81: 39 73 80 95 51 71 3 10 78 50 35 11 72 37 48 34 23 60 66 87 28 30 97 36 55 85 13 45 2 79 8 15 18 88 20 67 38 22 99 98 17 
82: 39 73 80 95 51 71 3 10 78 50 35 11 72 37 48 34 23 60 66 87 28 30 97 36 55 85 13 45 2 79 8 15 18 88 20 67 38 22 99 98 17 33 
83: 39 73 80 95 51 71 3 10 78 35 11 72 37 48 34 23 60 66 87 28 30 97 36 55 85 13 45 2 79 8 15 18 88 20 67 38 22 99 98 17 33 
84: 39 73 80 95 51 71 3 10 78 35 11 72 37 48 34 23 60 66 87 28 30 97 36 55 85 13 45 2 79 8 15 18 88 20 67 38 22 99 98 17 33 4 
85: 39 73 80 95 51 71 3 10 78 35 11 72 37 48 34 23 60 66 87 28 30 97 36 55 85 13 45 2 79 8 15 18 88 20 67 38 22 99 98 17 33 4 61 
86: 39 73 80 95 51 71 3 10 78 35 11 72 37 48 34 23 60 66 87 28 30 97 36 55 85 13 45 2 79 8 15 18 88 20 67 38 22 99 98 17 33 4 61 82 
87: 39 73 80 95 51 71 3 10 78 35 11 72 37 48 34 23 60 66 87 28 97 36 55 85 13 45 2 79 8 15 18 88 20 67 38 22 99 98 17 33 4 61 82 
88: 39 73 80 95 51 71 3 10 78 35 11 72 37 48 34 23 60 66 87 28 97 36 55 85 13 45 2 79 8 15 18 88 20 67 38 22 99 98 17 33 4 61 82 27 
89: 39 73 80 95 51 71 3 10 78 35 11 72 37 48 34 23 60 66 87 28 97 36 55 85 13 45 2 79 8 15 18 88 20 67 38 22 99 98 17 33 4 61 82 27 9 
90: 39 73 80 95 51 71 3 10 78 35 11 72 37 48 34 23 60 66 87 28 97 36 55 85 13 45 2 79 8 15 18 88 20 67 38 22 99 98 17 33 4 61 82 27 9 54 
91: 39 73 80 95 51 71 3 10 78 35 11 72 37 48 34 23 60 66 87 28 97 36 55 85 13 45 2 79 8 15 18 88 20 67 38 22 99 98 17 33 4 61 82 27 9 54 50 
92: 39 73 80 95 51 71 3 10 78 35 11 72 37 48 34 60 66 87 28 97 36 55 85 13 45 2 79 8 15 18 88 20 67 38 22 99 98 17 33 4 61 82 27 9 54 50 
93: 39 73 80 95 51 71 3 10 78 35 11 72 37 48 34 60 66 87 28 97 36 55 85 13 45 2 79 8 15 18 88 20 67 38 22 99 98 17 33 4 61 82 27 9 54 50 29 
94: 39 73 80 95 51 71 3 10 78 11 72 37 48 34 60 66 87 28 97 36 55 85 13 45 2 79 8 15 18 88 20 67 38 22 99 98 17 33 4 61 82 27 9 54 50 29 
95: 39 73 80 95 51 71 3 10 78 11 72 37 48 34 60 66 87 28 97 36 55 85 13 45 2 79 8 15 18 88 20 67 38 22 99 98 17 33 4 61 82 27 9 54 50 29 75 
96: 39 73 80 95 51 71 3 10 78 11 72 37 48 34 60 66 87 28 97 36 55 85 13 45 2 79 8 15 18 88 20 67 38 22 99 98 17 33 4 61 82 27 9 54 50 29 75 19 
97: 39 73 80 95 51 71 3 10 78 11 72 37 48 34 60 66 87 28 97 36 55 85 13 45 2 79 8 15 18 88 20 67 38 22 99 98 17 33 61 82 27 9 54 50 29 75 19 
98: 39 73 80 95 51 71 3 10 78 11 72 37 48 34 60 66 87 28 97 36 55 85 13 45 2 79 8 15 18 88 20 67 38 22 99 98 17 33 61 82 27 54 50 29 75 19 
99: 39 73 80 95 51 71 3 10 78 11 72 37 48 34 60 66 87 28 97 36 55 85 13 45 2 79 8 15 18 88 20 67 38 22 99 98 17 33 61 82 27 54 50 29 75 19 81 
100: 39 73 80 95 51 71 3 10 78 11 72 37 48 34 60 66 87 28 97 36 55 85 13 45 2 79 8 15 18 88 20 67 38 22 99 98 17 33 61 82 27 54 50 29 75 19 81 96 
101: 39 73 80 95 51 71 3 10 78 11 72 37 48 34 60 66 87 28 97 36 55 85 13 45 2 79 8 15 18 88 20 67 38 22 99 98 17 33 61 82 27 54 50 29 75 19 81 96 53 
102: 39 73 80 95 51 71 3 10 78 11 72 37 48 34 60 66 87 28 97 36 55 85 13 45 2 79 8 15 18 88 20 67 38 22 99 98 17 33 61 82 27 54 50 29 75 19 81 96 53 68 
103: 39 73 80 95 51 71 3 10 78 11 72 37 48 34 60 66 87 28 97 36 55 85 13 45 2 79 8 15 18 88 20 67 38 22 99 98 17 33 61 82 27 54 50 29 75 19 81 96 53 68 24 
104: 39 73 80 95 51 71 3 10 78 11 72 37 48 34 60 66 87 28 97 36 55 85 13 45 2 79 8 15 18 88 20 67 38 22 99 98 17 33 61 82 27 54 50 75 19 81 96 53 68 24 
105: 39 73 80 95 51 71 3 10 78 11 72 37 48 34 60 66 87 28 97 36 55 85 13 45 2 79 8 15 18 88 20 67 38 22 99 98 17 33 61 82 27 54 50 75 19 81 96 53 68 24 64 
106: 39 73 80 95 51 71 3 10 78 11 72 37 48 34 60 66 87 28 97 36 55 85 13 45 2 79 15 18 88 20 67 38 22 99 98 17 33 61 82 27 54 50 75 19 81 96 53 68 24 64 
107: 39 73 80 95 51 71 3 10 78 11 72 37 48 34 60 66 87 28 97 36 55 85 13 45 2 79 15 18 88 20 67 38 22 99 98 17 33 61 82 27 54 50 75 19 81 96 53 68 24 64 26 
108: 39 73 80 95 51 71 3 10 78 11 72 37 48 34 60 66 87 28 97 36 55 85 13 45 2 79 15 18 88 20 67 38 22 99 98 17 33 61 82 27 50 75 19 81 96 53 68 24 64 26 
109: 39 73 80 95 51 71 3 10 78 11 72 37 48 34 60 66 87 28 97 36 55 85 13 45 2 79 15 18 88 20 67 38 22 99 98 17 33 61 82 27 50 75 19 81 96 53 68 24 64 26 91 
110: 39 73 80 95 51 71 3 10 78 11 72 37 48 34 60 66 87 28 97 36 55 85 13 45 2 79 15 18 88 20 67 38 22 99 98 17 33 61 82 27 50 75 19 81 96 53 68 24 64 26 91 23 
111: 39 73 80 95 51 71 3 10 78 11 72 37 48 34 60 66 87 28 97 36 55 85 13 45 2 79 15 18 88 20 67 38 22 99 98 17 33 61 82 27 50 75 19 81 96 53 68 24 64 26 91 23 40 
112: 39 73 80 95 51 71 3 10 78 11 72 37 48 34 60 66 87 28 97 36 55 85 13 45 2 79 15 18 88 20 67 38 22 99 98 17 33 61 82 27 50 75 19 81 96 53 68 24 64 26 91 23 40 93 
113: 39 73 80 95 51 71 3 10 78 11 72 37 48 34 60 66 87 28 97 36 55 85 13 45 79 15 18 88 20 67 38 22 99 98 17 33 61 82 27 50 75 19 81 96 53 68 24 64 26 91 23 40 93 
114: 39 73 80 95 51 71 3 10 78 11 72 37 48 34 60 66 87 28 97 36 55 85 13 45 79 15 18 88 20 67 38 22 99 98 17 33 61 82 27 50 75 19 81 96 53 68 24 64 26 91 23 40 93 89 
115: 39 73 80 95 51 71 3 10 78 11 72 37 48 34 60 66 87 28 97 36 55 85 13 45 79 15 18 88 20 67 38 22 99 98 17 33 61 82 27 50 75 19 81 96 53 24 64 26 91 23 40 93 89 
116: 39 73 80 95 51 71 3 10 78 11 72 37 48 34 60 66 87 28 97 36 55 85 13 45 79 15 18 88 20 67 38 22 99 98 17 33 61 82 27 50 75 19 81 96 53 24 64 26 91 23 40 93 89 30 
117: 39 73 80 95 51 71 3 10 78 11 72 37 48 34 60 66 87 28 97 36 55 85 13 45 79 15 18 88 20 67 38 22 99 98 17 33 61 82 27 50 75 19 81 96 53 24 64 26 91 23 40 93 89 30 31 
118: 39 73 80 95 51 71 3 10 78 11 72 37 48 34 60 66 87 28 97 36 55 85 13 45 79 15 18 88 20 67 38 22 99 98 17 33 61 82 27 50 75 19 81 96 53 24 64 26 91 23 40 93 89 30 31 6 
119: 73 80 95 51 71 3 10 78 11 72 37 48 34 60 66 87 28 97 36 55 85 13 45 79 15 18 88 20 67 38 22 99 98 17 33 61 82 27 50 75 19 81 96 53 24 64 26 91 23 40 93 89 30 31 6 
120: 73 80 95 51 71 3 10 78 11 72 37 48 34 60 66 87 28 97 36 55 85 13 45 79 15 18 88 20 67 38 22 99 98 17 33 61 82 27 50 75 19 81 96 53 24 64 26 91 23 40 93 89 30 31 6 42 
121: 73 80 95 51 71 3 10 78 11 72 37 48 60 66 87 28 97 36 55 85 13 45 79 15 18 88 20 67 38 22 99 98 17 33 61 82 27 50 75 19 81 96 53 24 64 26 91 23 40 93 89 30 31 6 42 
122: 73 80 95 51 71 3 10 78 11 72 37 48 60 66 87 28 97 36 55 85 13 45 79 15 18 88 20 67 38 22 99 98 17 33 61 82 27 50 75 19 81 96 53 24 64 26 91 23 40 93 89 30 31 6 42 2 
123: 73 80 95 51 71 3 10 78 11 72 37 48 60 66 87 97 36 55 85 13 45 79 15 18 88 20 67 38 22 99 98 17 33 61 82 27 50 75 19 81 96 53 24 64 26 91 23 40 93 89 30 31 6 42 2 
124: 73 80 95 51 71 3 10 78 11 72 37 48 60 66 87 97 36 55 85 13 45 79 18 88 20 67 38 22 99 98 17 33 61 82 27 50 75 19 81 96 53 24 64 26 91 23 40 93 89 30 31 6 42 2 
125: 73 80 95 51 71 3 10 78 11 72 37 48 60 66 87 97 36 55 85 13 45 79 18 88 20 67 38 22 99 98 17 33 61 82 27 50 75 19 81 96 53 24 64 26 91 23 40 93 89 30 31 6 42 2 76 
126: 73 80 95 51 71 3 10 78 11 72 37 48 60 66 87 97 36 55 85 13 45 79 18 88 20 67 38 22 99 98 17 33 61 82 27 50 75 19 81 96 53 24 64 26 91 23 40 93 89 30 31 6 42 2 76 43 
127: 73 80 95 51 71 3 78 11 72 37 48 60 66 87 97 36 55 85 13 45 79 18 88 20 67 38 22 99 98 17 33 61 82 27 50 75 19 81 96 53 24 64 26 91 23 40 93 89 30 31 6 42 2 76 43 
128: 73 80 95 51 71 3 78 11 72 37 48 60 66 87 97 36 55 85 13 45 79 18 88 20 67 38 22 99 98 17 33 61 82 27 50 75 19 81 96 53 24 64 91 23 40 93 89 30 31 6 42 2 76 43 
129: 73 80 95 51 71 3 78 11 72 37 48 60 66 87 36 55 85 13 45 79 18 88 20 67 38 22 99 98 17 33 61 82 27 50 75 19 81 96 53 24 64 91 23 40 93 89 30 31 6 42 2 76 43 
130: 73 80 95 51 71 3 78 11 72 37 48 60 66 87 36 55 85 13 45 79 18 88 20 67 38 22 99 98 17 33 61 82 27 50 75 19 81 96 53 24 64 91 23 40 93 89 30 31 6 42 2 76 43 35 
131: 73 80 95 51 71 3 78 11 72 37 48 60 66 87 36 55 85 13 45 79 18 88 20 67 38 22 99 98 17 33 61 82 27 50 75 19 81 96 53 24 64 91 23 40 93 89 30 31 6 42 2 76 43 35 5 
132: 73 80 95 51 71 3 78 11 72 37 48 60 66 87 36 55 85 13 45 79 18 88 20 67 38 22 99 98 17 33 61 82 27 50 75 19 81 96 53 24 64 91 23 40 93 89 30 31 6 42 2 76 43 35 5 54 
133: 73 80 95 51 71 3 78 11 72 37 48 60 66 87 36 55 85 13 45 79 18 88 20 67 38 22 99 98 17 33 61 82 27 50 75 19 81 96 53 24 64 91 23 40 93 89 30 31 6 42 2 76 43 35 5 54 44 
134: 73 80 95 51 71 3 78 11 72 37 48 60 66 87 36 55 85 13 45 79 18 88 20 67 38 22 99 98 17 33 61 82 27 50 75 81 96 53 24 64 91 23 40 93 89 30 31 6 42 2 76 43 35 5 54 44 
135: 73 80 95 51 71 3 78 11 72 37 48 60 66 87 36 55 85 13 45 79 18 88 20 67 38 22 99 98 17 33 61 82 27 50 75 81 96 53 24 64 91 23 40 93 89 30 31 6 42 2 76 43 35 5 54 44 9 
136: 73 80 95 51 71 3 78 11 72 37 48 60 66 87 36 55 85 13 45 79 18 88 20 67 38 22 99 98 33 61 82 27 50 75 81 96 53 24 64 91 23 40 93 89 30 31 6 42 2 76 43 35 5 54 44 9 
137: 73 80 95 51 71 3 78 11 72 37 48 60 66 87 36 55 85 13 45 79 18 88 20 67 38 22 99 98 33 61 82 27 50 75 81 96 53 24 64 91 23 40 93 89 30 31 6 42 2 76 43 35 54 44 9 
138: 73 80 95 51 71 3 78 11 72 37 60 66 87 36 55 85 13 45 79 18 88 20 67 38 22 99 98 33 61 82 27 50 75 81 96 53 24 64 91 23 40 93 89 30 31 6 42 2 76 43 35 54 44 9 
139: 73 80 95 51 71 3 78 11 72 37 60 66 87 36 55 85 13 45 79 18 88 20 67 38 22 99 98 33 61 82 27 50 75 81 96 53 24 64 91 23 40 93 89 30 31 6 42 2 76 43 35 54 44 9 16 
140: 73 80 95 51 71 3 78 11 72 37 60 66 87 36 55 85 13 45 79 18 88 20 67 38 22 99 98 33 61 82 27 50 81 96 53 24 64 91 23 40 93 89 30 31 6 42 2 76 43 35 54 44 9 16 
141: 73 80 95 51 71 3 78 11 72 37 60 66 87 36 55 85 13 45 79 18 88 20 67 38 22 99 98 33 61 82 27 50 81 96 53 24 64 91 23 40 93 89 30 31 6 42 2 76 43 35 54 44 9 16 92 
142: 73 80 95 51 71 3 78 11 72 37 60 66 87 36 55 85 13 45 79 18 88 20 67 38 22 99 98 33 61 82 27 50 81 96 53 24 64 91 23 40 93 89 30 31 6 42 2 76 43 35 54 44 9 16 92 77 
143: 73 80 95 51 3 78 11 72 37 60 66 87 36 55 85 13 45 79 18 88 20 67 38 22 99 98 33 61 82 27 50 81 96 53 24 64 91 23 40 93 89 30 31 6 42 2 76 43 35 54 44 9 16 92 77 
144: 73 80 95 3 78 11 72 37 60 66 87 36 55 85 13 45 79 18 88 20 67 38 22 99 98 33 61 82 27 50 81 96 53 24 64 91 23 40 93 89 30 31 6 42 2 76 43 35 54 44 9 16 92 77 
145: 73 80 95 3 78 11 72 37 60 66 87 36 55 85 13 45 79 18 88 20 67 38 22 99 98 33 61 82 27 50 81 96 53 24 64 91 23 40 93 89 30 31 6 42 2 76 43 35 54 44 9 16 92 
146: 73 80 95 3 78 11 72 37 60 66 87 36 55 85 13 45 79 18 88 20 67 38 22 99 98 33 61 82 27 50 81 96 53 24 64 91 23 93 89 30 31 6 42 2 76 43 35 54 44 9 16 92 
147: 73 80 95 3 78 11 72 37 60 66 87 36 55 85 13 45 79 18 88 20 67 38 22 99 98 33 61 82 27 50 81 96 53 24 64 91 23 93 89 30 31 6 42 2 76 43 35 54 44 9 92 
148: 73 80 95 3 78 11 72 37 60 66 87 36 55 85 13 45 79 18 88 20 67 38 22 99 98 33 61 82 27 50 81 96 53 24 64 91 23 93 89 30 31 6 42 2 76 43 35 54 44 92 
149: 73 80 95 3 78 11 72 37 60 66 87 36 55 85 13 45 79 18 88 20 67 38 22 99 98 33 61 82 27 50 81 96 53 24 64 91 23 93 89 30 31 6 42 2 76 43 35 54 44 92 29 
150: 73 80 95 3 78 11 72 37 60 66 87 36 55 85 13 45 79 18 88 20 67 38 22 99 98 33 61 82 27 50 81 96 53 24 64 91 23 93 89 30 31 6 42 76 43 35 54 44 92 29 
151: 73 80 95 3 78 11 72 37 60 66 87 36 55 85 13 45 79 18 88 20 67 38 22 99 98 33 61 82 27 50 81 96 53 24 64 91 23 93 89 30 31 6 42 76 43 35 54 44 92 29 90 
152: 73 80 95 3 78 11 72 37 60 66 87 36 55 85 13 45 79 18 88 20 67 38 22 99 98 33 61 82 27 50 81 96 53 24 64 91 23 93 89 30 31 6 42 76 43 35 54 44 92 29 90 32 
153: 73 80 95 3 78 11 72 37 60 66 87 36 55 85 13 45 79 18 88 20 67 38 22 99 98 33 61 82 27 50 81 96 53 24 64 91 23 93 89 30 31 6 42 76 43 35 54 44 92 29 90 32 52 
154: 73 80 3 78 11 72 37 60 66 87 36 55 85 13 45 79 18 88 20 67 38 22 99 98 33 61 82 27 50 81 96 53 24 64 91 23 93 89 30 31 6 42 76 43 35 54 44 92 29 90 32 52 
155: 73 80 3 78 11 72 37 60 66 87 36 55 85 13 45 79 18 88 20 67 38 22 99 98 33 61 82 27 50 81 96 53 24 64 91 23 93 89 30 31 6 42 76 43 35 54 44 92 29 90 32 52 69 
156: 73 80 3 78 11 72 37 60 66 87 36 55 85 13 45 79 18 88 20 67 38 22 99 33 61 82 27 50 81 96 53 24 64 91 23 93 89 30 31 6 42 76 43 35 54 44 92 29 90 32 52 69 
157: 73 80 3 78 11 72 37 60 66 87 36 55 85 13 45 79 18 88 20 67 38 22 99 33 61 82 27 50 81 96 53 24 64 91 23 93 30 31 6 42 76 43 35 54 44 92 29 90 32 52 69 
158: 73 80 3 78 11 72 37 60 66 87 36 55 85 13 45 79 18 88 20 67 38 22 99 33 61 82 27 50 81 96 53 24 64 91 23 93 30 31 6 42 76 43 35 54 44 92 90 32 52 69 
159: 73 80 3 78 11 72 37 60 66 87 36 55 85 13 45 79 18 88 20 67 38 22 99 33 61 82 27 81 96 53 24 64 91 23 93 30 31 6 42 76 43 35 54 44 92 90 32 52 69 
160: 73 80 3 78 11 72 37 60 66 87 36 55 85 13 45 79 18 88 20 67 38 22 99 33 61 82 27 81 96 53 24 64 91 23 93 30 31 6 42 43 35 54 44 92 90 32 52 69 
161: 73 80 3 78 11 72 37 60 66 87 36 55 85 13 45 79 18 20 67 38 22 99 33 61 82 27 81 96 53 24 64 91 23 93 30 31 6 42 43 35 54 44 92 90 32 52 69 
162: 73 80 3 78 11 72 37 60 66 87 36 55 85 13 45 79 18 20 67 38 22 99 33 82 27 81 96 53 24 64 91 23 93 30 31 6 42 43 35 54 44 92 90 32 52 69 
163: 73 80 3 78 11 72 37 60 66 87 36 55 85 13 45 79 18 20 67 38 22 99 33 82 27 81 96 53 24 64 91 23 93 31 6 42 43 35 54 44 92 90 32 52 69 
164: 73 80 3 78 11 72 37 60 66 87 36 55 85 13 45 79 18 20 67 38 22 99 33 82 27 81 96 53 24 64 91 23 93 31 6 42 43 35 54 44 92 90 32 52 69 76 
165: 73 80 3 78 11 72 37 60 66 87 36 55 85 13 45 79 18 20 67 38 22 99 33 82 27 81 96 53 24 64 91 23 93 31 6 42 43 35 54 44 92 90 32 52 69 76 39 
166: 73 80 3 78 11 72 37 60 66 87 36 55 85 13 45 79 18 20 67 38 22 99 33 82 27 96 53 24 64 91 23 93 31 6 42 43 35 54 44 92 90 32 52 69 76 39 
167: 73 80 3 78 11 72 37 60 66 87 36 55 85 13 45 79 18 20 67 38 22 99 33 82 27 96 53 24 64 91 23 93 31 6 42 43 35 54 44 92 90 32 52 69 76 
168: 73 80 3 78 11 72 37 60 66 87 36 55 85 13 45 79 18 20 67 38 22 99 33 82 27 96 53 24 64 91 23 93 31 6 43 35 54 44 92 90 32 52 69 76 
169: 73 80 3 78 11 72 37 60 66 87 36 55 85 13 45 79 18 20 67 38 22 99 33 82 27 96 53 24 64 91 23 93 31 6 43 35 54 44 92 90 52 69 76 
170: 73 80 3 78 11 72 37 60 66 87 36 55 85 13 45 79 18 20 67 38 22 99 33 82 27 96 53 24 64 91 23 93 31 6 43 35 54 44 90 52 69 76 
171: 73 80 3 78 11 72 37 60 66 87 36 55 85 13 45 79 18 20 67 38 22 99 33 82 27 96 53 24 64 91 23 93 31 6 43 35 54 44 90 52 69 76 94 
172: 73 80 3 78 11 72 37 60 66 87 36 55 85 13 45 79 18 20 67 38 22 99 33 82 27 96 53 24 64 91 23 93 31 6 43 35 54 44 90 52 69 76 94 56 
173: 73 80 3 78 11 72 37 60 66 87 36 55 85 13 45 79 18 20 67 38 22 99 33 82 27 96 53 24 64 91 23 93 31 6 43 35 54 44 90 52 69 76 94 56 47 
174: 73 80 3 78 11 37 60 66 87 36 55 85 13 45 79 18 20 67 38 22 99 33 82 27 96 53 24 64 91 23 93 31 6 43 35 54 44 90 52 69 76 94 56 47 
175: 73 80 3 78 11 37 60 66 87 36 55 85 13 45 79 18 20 67 38 22 99 33 82 27 96 53 24 64 91 23 93 31 6 43 35 54 44 90 52 69 76 94 56 47 84 
176: 73 80 3 78 11 37 60 66 87 36 55 85 13 45 79 18 20 67 38 22 99 82 27 96 53 24 64 91 23 93 31 6 43 35 54 44 90 52 69 76 94 56 47 84 
177: 73 80 3 78 11 37 60 66 87 36 55 85 13 45 79 18 20 67 38 22 99 82 27 96 53 24 64 91 23 93 31 6 43 35 54 44 90 52 69 76 94 56 47 84 68 
178: 73 80 3 78 11 37 60 66 87 36 55 85 13 45 79 18 20 67 22 99 82 27 96 53 24 64 91 23 93 31 6 43 35 54 44 90 52 69 76 94 56 47 84 68 
179: 73 80 3 78 11 37 60 66 87 36 55 85 13 45 79 18 20 67 22 99 82 27 96 53 24 64 91 23 93 31 6 43 35 54 44 90 52 69 76 94 56 47 84 68 72 
180: 73 80 3 78 11 37 60 66 87 36 55 85 45 79 18 20 67 22 99 82 27 96 53 24 64 91 23 93 31 6 43 35 54 44 90 52 69 76 94 56 47 84 68 72 
181: 73 80 3 78 11 37 60 66 87 36 55 85 45 79 18 20 67 22 99 82 27 96 53 24 64 91 23 93 31 6 43 35 54 44 90 52 69 76 94 56 47 84 68 
182: 73 80 3 78 11 37 60 66 87 36 55 85 45 79 18 20 67 22 82 27 96 53 24 64 91 23 93 31 6 43 35 54 44 90 52 69 76 94 56 47 84 68 
183: 73 80 3 78 11 37 60 66 87 36 55 85 45 79 18 20 67 22 82 27 96 53 24 64 91 23 93 31 6 43 35 54 90 52 69 76 94 56 47 84 68 
184: 73 80 3 78 11 37 60 66 87 36 55 85 45 79 18 20 67 22 82 27 96 53 24 64 23 93 31 6 43 35 54 90 52 69 76 94 56 47 84 68 
185: 73 80 3 78 11 37 60 66 87 36 55 85 45 79 18 20 67 22 82 27 96 24 64 23 93 31 6 43 35 54 90 52 69 76 94 56 47 84 68 
186: 73 80 3 78 11 37 60 66 87 36 55 85 45 79 18 20 67 22 82 27 96 24 64 23 93 31 6 43 35 54 90 52 69 76 94 56 47 84 68 53 
187: 73 80 3 78 11 37 60 66 87 36 55 85 45 18 20 67 22 82 27 96 24 64 23 93 31 6 43 35 54 90 52 69 76 94 56 47 84 68 53 
188: 73 80 3 78 11 37 60 66 87 36 85 45 18 20 67 22 82 27 96 24 64 23 93 31 6 43 35 54 90 52 69 76 94 56 47 84 68 53 
189: 73 80 3 78 11 37 60 66 87 36 85 45 18 20 67 22 82 27 96 24 64 23 93 31 6 43 35 54 90 52 69 76 94 56 47 84 68 53 29 
190: 73 80 3 78 11 37 60 66 36 85 45 18 20 67 22 82 27 96 24 64 23 93 31 6 43 35 54 90 52 69 76 94 56 47 84 68 53 29 
191: 73 80 3 78 11 37 60 66 36 85 45 18 20 67 22 82 27 96 24 64 23 93 31 6 43 35 54 90 52 69 76 94 56 47 84 68 53 29 30 
192: 73 80 3 78 11 37 60 66 36 85 18 20 67 22 82 27 96 24 64 23 93 31 6 43 35 54 90 52 69 76 94 56 47 84 68 53 29 30 
193: 73 80 3 78 11 37 60 66 36 85 18 20 67 22 82 27 96 24 64 23 93 31 6 43 35 54 90 52 69 76 94 56 84 68 53 29 30 
194: 73 80 3 78 11 37 60 66 36 85 18 20 67 22 82 27 96 24 64 23 93 31 6 43 35 54 90 52 69 76 94 56 84 68 53 29 
195: 73 80 3 78 11 37 60 66 36 85 18 20 67 22 82 27 96 24 64 23 93 31 6 43 35 54 90 52 69 76 94 56 84 68 53 29 12 
196: 73 80 3 78 11 37 60 66 36 85 18 20 67 22 82 27 96 24 64 23 93 31 6 43 35 54 90 52 69 76 94 56 84 68 53 29 12 91 
197: 73 80 3 78 11 37 60 66 36 85 18 20 67 22 82 27 96 24 64 23 93 31 6 43 35 54 90 52 69 76 94 56 84 68 53 29 12 91 74 
198: 73 80 3 78 11 37 60 66 36 85 18 20 67 22 82 27 96 24 64 23 93 31 6 43 35 54 90 52 69 76 94 56 84 68 53 29 12 91 74 1 
199: 73 80 3 78 11 37 60 66 36 85 18 20 67 22 82 27 24 64 23 93 31 6 43 35 54 90 52 69 76 94 56 84 68 53 29 12 91 74 1 
200: 73 80 3 78 11 37 60 66 36 85 18 20 67 22 82 27 24 64 23 93 31 6 43 35 54 90 52 69 76 94 56 84 68 53 29 12 91 74 1 32 
201: 73 80 3 78 11 37 60 66 36 85 18 20 67 22 82 27 24 64 23 93 31 6 43 35 54 90 52 69 76 94 56 84 68 53 29 12 91 74 1 32 16 
202: 73 80 3 78 11 37 60 66 36 85 18 20 67 82 27 24 64 23 93 31 6 43 35 54 90 52 69 76 94 56 84 68 53 29 12 91 74 1 32 16 
203: 73 80 3 78 11 37 60 66 36 85 18 20 67 82 27 24 64 23 93 31 6 43 35 54 90 52 69 76 94 56 84 53 29 12 91 74 1 32 16 
204: 73 80 3 78 11 37 60 66 36 85 18 20 67 82 27 24 64 23 93 31 6 43 35 54 90 52 69 76 94 56 84 53 29 12 91 74 1 32 16 48 
205: 73 80 3 78 11 37 60 66 36 85 18 20 67 82 27 24 64 23 93 31 6 43 35 54 90 52 69 76 94 56 84 53 29 12 91 74 1 32 16 48 59 
206: 73 80 3 78 11 37 60 66 36 85 18 20 67 82 27 24 64 23 93 31 43 35 54 90 52 69 76 94 56 84 53 29 12 91 74 1 32 16 48 59 
207: 73 80 3 78 11 37 60 66 36 85 18 20 67 82 27 24 64 23 93 31 35 54 90 52 69 76 94 56 84 53 29 12 91 74 1 32 16 48 59 
208: 73 80 3 78 11 37 60 66 36 85 18 20 67 82 27 64 23 93 31 35 54 90 52 69 76 94 56 84 53 29 12 91 74 1 32 16 48 59 
209: 73 80 3 78 11 37 60 66 36 85 18 20 67 82 27 64 23 31 35 54 90 52 69 76 94 56 84 53 29 12 91 74 1 32 16 48 59 
210: 73 80 3 78 11 37 60 66 36 85 18 20 67 82 27 64 23 31 35 54 90 52 69 76 94 56 84 53 29 12 91 74 1 32 16 48 59 21 
211: 73 80 3 78 11 37 60 66 36 85 18 20 67 82 27 64 23 31 35 54 90 52 69 76 94 56 84 53 29 12 91 74 1 32 16 48 59 21 57 
212: 73 80 3 78 11 37 60 66 36 85 18 20 67 82 27 64 23 31 35 54 90 52 69 76 94 56 84 53 29 12 91 74 1 32 16 48 59 21 57 92 
213: 73 80 3 78 11 37 60 66 36 85 18 20 82 27 64 23 31 35 54 90 52 69 76 94 56 84 53 29 12 91 74 1 32 16 48 59 21 57 92 
214: 73 80 3 78 11 37 60 66 36 85 18 20 82 27 64 23 31 35 54 90 52 69 76 94 56 84 53 29 12 91 74 1 32 16 48 59 21 57 92 44 
215: 73 80 3 78 11 37 60 66 36 85 18 20 82 27 64 23 31 54 90 52 69 76 94 56 84 53 29 12 91 74 1 32 16 48 59 21 57 92 44 
216: 73 80 3 78 11 37 60 66 36 85 18 20 82 27 64 23 31 54 90 52 76 94 56 84 53 29 12 91 74 1 32 16 48 59 21 57 92 44 
217: 73 80 3 78 11 37 60 66 36 85 18 20 82 27 64 23 31 54 90 52 76 94 56 84 53 29 12 91 74 1 32 16 48 21 57 92 44 
218: 73 80 3 78 11 37 60 66 36 85 18 20 82 27 64 23 31 54 90 52 76 94 56 84 53 29 12 91 74 1 32 16 48 21 57 92 44 14 
219: 73 80 3 78 11 37 60 66 36 85 18 20 82 27 64 23 31 54 90 52 76 94 56 84 53 29 12 91 74 1 32 16 48 21 57 92 44 14 9 
220: 73 80 3 78 11 37 60 66 36 85 18 20 82 27 64 23 31 54 90 52 76 94 56 84 53 29 12 91 74 1 32 16 48 21 57 92 44 14 9 68 
221: 73 80 3 78 11 37 60 66 36 85 18 20 82 27 64 23 31 54 90 52 76 94 56 84 53 29 12 91 74 1 32 16 48 21 57 92 44 14 9 68 45 
222: 73 80 3 78 11 37 60 66 36 85 18 20 82 27 64 23 31 54 90 52 76 94 56 84 53 29 12 91 74 1 32 16 48 21 57 92 44 14 9 68 45 40 
223: 73 80 3 78 11 37 60 66 36 85 18 20 82 27 64 23 31 54 90 52 76 94 56 84 53 29 12 91 74 1 16 48 21 57 92 44 14 9 68 45 40 
224: 73 80 3 78 11 37 60 66 36 85 18 20 82 27 64 23 31 54 90 52 76 94 56 84 53 29 12 91 74 1 16 48 21 57 92 44 14 9 68 45 40 7 
225: 73 80 3 78 11 37 60 66 36 85 18 20 82 27 64 23 31 54 90 52 76 94 56 84 53 29 12 91 74 1 16 48 21 57 92 44 14 9 68 45 40 7 13 
226: 73 80 3 78 11 37 60 66 36 85 18 20 82 27 64 23 31 54 90 52 76 56 84 53 29 12 91 74 1 16 48 21 57 92 44 14 9 68 45 40 7 13 
227: 73 80 3 78 11 37 60 66 36 85 18 20 82 27 64 23 31 54 90 52 76 56 84 53 29 12 91 74 1 16 48 21 57 92 44 14 9 68 45 40 7 13 86 
228: 73 80 3 78 11 37 60 66 36 85 18 20 82 27 64 23 31 54 90 52 76 56 84 53 29 12 91 74 1 16 48 21 57 92 44 14 9 68 45 40 7 13 86 69 
229: 73 80 3 78 11 37 60 66 36 85 18 20 82 27 64 23 31 54 90 52 76 56 84 53 29 12 91 74 1 48 21 57 92 44 14 9 68 45 40 7 13 86 69 
230: 73 80 3 78 11 37 60 66 36 85 18 20 82 27 64 23 31 54 90 52 76 56 84 53 29 12 91 74 1 48 21 57 92 44 14 9 68 45 40 7 13 86 69 96 
231: 73 80 3 78 11 37 60 66 36 85 18 20 82 27 64 23 31 54 90 52 76 56 84 53 29 12 91 74 1 21 57 92 44 14 9 68 45 40 7 13 86 69 96 
232: 73 80 3 78 11 37 60 66 36 85 18 20 82 27 64 23 31 54 90 52 76 56 84 53 29 12 91 74 1 21 57 92 14 9 68 45 40 7 13 86 69 96 
233: 73 80 3 78 11 37 60 66 36 85 18 20 82 27 64 23 31 54 90 52 76 56 84 53 29 12 91 74 1 21 57 92 14 9 68 45 40 7 13 86 69 96 48 
234: 73 80 3 78 11 37 60 66 36 85 18 20 82 27 64 23 31 54 90 52 76 56 84 53 29 12 91 74 21 57 92 14 9 68 45 40 7 13 86 69 96 48 
235: 73 80 3 78 11 37 60 66 36 85 18 20 82 27 64 23 31 54 90 52 76 56 84 53 29 12 91 74 21 57 92 14 9 68 45 40 7 13 86 69 96 48 70 
236: 73 80 3 78 11 37 60 66 36 85 18 20 82 27 64 23 31 54 90 52 76 56 84 53 29 12 91 74 21 57 92 14 9 68 45 40 7 13 86 69 96 48 70 59 
237: 73 80 3 78 11 60 66 36 85 18 20 82 27 64 23 31 54 90 52 76 56 84 53 29 12 91 74 21 57 92 14 9 68 45 40 7 13 86 69 96 48 70 59 
238: 73 80 78 11 60 66 36 85 18 20 82 27 64 23 31 54 90 52 76 56 84 53 29 12 91 74 21 57 92 14 9 68 45 40 7 13 86 69 96 48 70 59 
239: 73 80 78 11 60 66 36 85 18 20 82 27 64 23 31 54 90 52 76 56 84 53 29 12 91 74 21 57 92 14 9 68 45 40 7 13 86 69 96 48 70 59 47 
240: 73 80 78 11 60 66 36 85 18 20 82 27 64 23 31 54 90 52 76 56 84 53 12 91 74 21 57 92 14 9 68 45 40 7 13 86 69 96 48 70 59 47 
241: 73 80 78 11 60 66 36 85 18 20 82 27 64 23 31 54 90 52 76 56 84 53 12 91 74 21 57 92 14 9 68 45 40 7 13 86 69 96 48 70 59 47 83 
242: 73 80 78 11 60 66 36 85 18 20 82 27 64 23 31 54 90 52 76 56 84 53 12 91 74 21 57 92 14 9 68 45 40 7 13 86 69 96 48 70 59 47 83 79 
243: 73 80 78 11 60 66 36 85 18 20 82 27 64 23 31 54 90 52 76 56 84 53 12 91 74 21 57 92 14 9 68 45 40 7 13 86 69 96 48 70 59 47 83 79 44 
244: 73 80 78 11 60 66 36 85 18 20 82 27 64 23 31 54 90 52 76 56 84 53 12 91 74 21 57 92 14 9 68 45 40 7 13 86 69 96 48 70 59 47 83 79 44 51 
245: 73 80 78 11 60 66 36 85 18 20 82 27 64 23 31 54 90 52 76 56 84 53 12 91 74 21 57 92 14 9 68 45 40 7 13 86 69 96 48 70 59 47 83 79 51 
246: 73 80 78 11 60 66 36 85 18 20 82 27 64 23 31 54 90 52 76 56 84 53 12 91 74 21 57 92 14 9 68 45 40 7 13 86 69 96 48 70 59 47 79 51 
247: 73 80 78 11 60 66 36 85 18 20 82 27 64 23 31 54 52 76 56 84 53 12 91 74 21 57 92 14 9 68 45 40 7 13 86 69 96 48 70 59 47 79 51 
248: 73 80 78 11 60 66 36 85 18 20 82 27 64 23 31 54 52 76 56 84 53 12 91 74 21 57 92 14 9 68 45 40 7 13 86 69 96 48 70 59 47 79 51 93 
249: 73 80 78 11 60 66 36 85 18 20 82 27 64 23 31 52 76 56 84 53 12 91 74 21 57 92 14 9 68 45 40 7 13 86 69 96 48 70 59 47 79 51 93 
250: 73 80 78 11 60 66 36 85 18 20 82 27 64 23 31 52 76 56 84 53 12 91 74 21 57 92 14 9 68 45 40 7 86 69 96 48 70 59 47 79 51 93 
251: 73 80 78 11 60 66 36 85 18 20 82 27 64 23 31 52 76 56 84 53 12 91 74 21 57 92 14 9 68 45 40 7 86 69 96 48 70 59 47 79 51 93 25 
252: 73 80 78 11 60 66 36 85 18 20 27 64 23 31 52 76 56 84 53 12 91 74 21 57 92 14 9 68 45 40 7 86 69 96 48 70 59 47 79 51 93 25 
253: 73 80 78 11 60 66 36 85 18 20 27 64 23 31 52 76 56 84 53 12 91 74 21 57 92 14 9 68 45 40 7 86 69 96 48 70 59 47 79 51 93 25 95 
254: 73 80 78 11 60 66 36 85 18 20 27 64 23 31 52 76 56 84 53 12 91 74 21 57 92 14 9 68 45 40 7 86 69 96 48 70 59 47 79 93 25 95 
255: 73 80 78 11 60 66 36 85 18 20 27 64 23 31 52 76 56 84 53 12 91 74 21 57 92 14 9 68 45 40 7 86 69 96 48 70 59 47 79 93 25 95 54 
256: 73 80 78 11 60 66 36 85 18 20 27 64 23 31 52 76 56 84 53 12 91 74 21 57 92 14 9 68 45 40 7 86 69 96 48 70 59 47 79 93 25 95 54 29 
257: 73 80 78 11 60 66 36 85 18 20 27 64 23 31 52 76 56 84 53 12 91 74 57 92 14 9 68 45 40 7 86 69 96 48 70 59 47 79 93 25 95 54 29 
258: 73 80 78 11 60 66 36 85 18 20 27 64 23 31 52 76 84 53 12 91 74 57 92 14 9 68 45 40 7 86 69 96 48 70 59 47 79 93 25 95 54 29 
259: 73 80 78 11 60 66 36 85 18 20 27 64 23 31 52 76 84 53 12 91 74 57 92 14 9 68 45 40 7 86 69 96 48 70 59 79 93 25 95 54 29 
260: 73 80 78 11 60 66 36 85 18 20 27 64 23 31 52 76 84 53 12 91 74 57 92 14 9 68 45 40 7 86 69 96 48 70 59 79 93 25 95 54 29 65 
261: 73 80 78 11 60 66 36 85 18 20 27 64 23 52 76 84 53 12 91 74 57 92 14 9 68 45 40 7 86 69 96 48 70 59 79 93 25 95 54 29 65 
262: 73 80 78 11 60 66 36 85 18 20 27 64 23 52 76 84 53 12 91 74 57 92 14 9 68 45 40 7 86 69 96 48 70 59 79 93 25 95 54 29 65 17 
263: 73 80 78 11 60 66 36 85 18 20 27 64 23 52 76 84 53 12 91 74 57 92 14 9 68 45 7 86 69 96 48 70 59 79 93 25 95 54 29 65 17 
264: 73 80 78 11 60 66 36 85 18 20 27 64 23 52 76 84 53 12 91 74 57 92 14 9 68 45 7 86 69 96 48 70 59 79 93 25 95 54 29 65 17 94 
265: 73 80 78 11 60 66 36 85 18 20 27 64 23 52 76 84 53 12 91 74 57 92 14 9 68 45 7 86 69 96 48 70 59 79 93 25 95 54 29 65 17 94 40 
266: 73 78 11 60 66 36 85 18 20 27 64 23 52 76 84 53 12 91 74 57 92 14 9 68 45 7 86 69 96 48 70 59 79 93 25 95 54 29 65 17 94 40 
267: 73 78 11 60 66 36 85 18 20 27 64 23 52 76 84 53 12 91 74 57 92 14 9 68 45 7 86 69 96 48 70 59 79 93 25 95 54 29 65 17 94 40 5 
268: 73 78 11 60 66 36 18 20 27 64 23 52 76 84 53 12 91 74 57 92 14 9 68 45 7 86 69 96 48 70 59 79 93 25 95 54 29 65 17 94 40 5 
269: 73 78 11 60 66 36 18 20 27 64 23 52 76 84 53 12 91 74 57 92 14 9 68 45 7 86 69 96 48 70 59 79 93 25 95 54 29 65 17 94 40 5 47 
270: 73 78 11 60 66 36 18 20 27 64 52 76 84 53 12 91 74 57 92 14 9 68 45 7 86 69 96 48 70 59 79 93 25 95 54 29 65 17 94 40 5 47 
271: 73 78 11 60 66 36 18 27 64 52 76 84 53 12 91 74 57 92 14 9 68 45 7 86 69 96 48 70 59 79 93 25 95 54 29 65 17 94 40 5 47 
272: 73 78 11 60 66 36 18 27 64 52 76 84 53 12 91 74 57 92 14 9 68 45 7 86 69 96 48 70 59 79 93 25 95 54 29 65 17 94 40 5 
273: 73 78 11 60 66 36 18 27 64 52 76 84 12 91 74 57 92 14 9 68 45 7 86 69 96 48 70 59 79 93 25 95 54 29 65 17 94 40 5 
274: 73 78 11 60 66 36 18 27 64 52 76 84 12 91 74 57 92 14 9 68 45 7 86 69 96 48 70 59 79 93 25 95 54 29 65 17 94 40 5 88 
275: 73 78 11 60 66 36 18 27 64 52 76 84 12 91 74 57 92 14 9 68 45 7 86 69 96 48 70 59 79 93 25 95 54 29 65 17 94 40 5 88 35 
276: 73 78 11 60 66 36 18 27 64 52 76 84 12 91 74 57 92 14 9 68 45 7 86 69 96 48 70 59 79 93 25 95 54 29 65 17 94 40 5 88 35 32 
277: 73 78 11 60 66 36 18 27 64 52 76 84 12 91 74 57 92 14 9 68 45 7 86 69 96 48 70 59 79 93 25 95 54 29 65 17 94 40 5 88 35 32 42 
278: 73 78 11 60 66 36 18 27 64 52 76 84 12 91 74 57 92 14 9 68 45 7 86 69 96 48 70 59 79 93 25 95 29 65 17 94 40 5 88 35 32 42 
279: 73 78 11 60 66 36 18 27 64 52 76 84 12 91 74 57 92 14 9 68 45 7 86 69 96 48 70 59 79 93 25 95 29 65 17 94 40 5 88 35 32 42 21 
280: 73 78 11 60 66 36 18 27 64 52 76 84 12 91 74 57 92 14 9 68 45 7 86 69 96 48 70 59 79 93 25 95 29 65 17 94 40 5 88 35 32 42 21 13 
281: 73 78 11 60 66 36 18 27 64 52 76 84 12 91 74 57 92 14 9 68 45 7 86 69 96 48 70 59 79 93 25 95 29 65 17 94 40 5 88 35 32 42 21 13 34 
282: 73 78 11 60 66 36 18 27 64 52 76 84 12 91 74 57 92 14 9 68 45 7 86 69 96 48 70 59 79 93 25 95 29 65 17 94 40 5 88 35 32 42 13 34 
283: 73 78 11 60 66 36 18 27 64 52 76 84 12 91 74 57 92 14 9 68 45 7 86 69 96 48 70 59 79 93 25 95 29 65 17 94 40 5 88 35 32 42 13 34 24 
284: 73 78 11 60 66 36 18 27 64 52 76 84 12 91 74 57 92 14 9 68 45 7 86 69 96 48 70 59 79 93 25 95 29 65 17 94 40 5 35 32 42 13 34 24 
285: 73 78 11 60 66 36 18 27 64 52 76 84 12 91 74 57 92 14 9 68 45 7 86 69 96 48 70 59 79 93 25 95 29 65 17 94 40 5 35 32 42 13 34 24 6 
286: 73 78 11 60 66 36 18 27 64 52 76 84 12 91 74 57 92 14 9 68 45 7 86 69 96 48 70 59 79 93 25 95 29 65 17 94 40 5 35 32 42 13 34 24 6 38 
287: 73 78 11 60 66 36 18 27 64 52 76 84 12 91 74 57 92 14 9 68 45 7 86 69 96 48 70 59 79 93 25 95 29 65 17 94 40 5 35 42 13 34 24 6 38 
288: 73 78 11 60 66 36 18 27 64 52 76 84 12 91 74 57 92 14 9 68 45 7 86 69 96 48 70 59 79 93 25 95 29 65 17 94 40 5 35 42 13 34 24 6 38 62 
289: 73 78 11 60 66 36 18 27 64 52 76 84 12 91 74 57 92 14 9 68 45 7 86 69 96 48 70 59 79 93 25 95 29 65 17 94 40 5 35 42 13 34 24 6 38 62 39 
290: 73 78 11 60 66 36 18 27 64 52 76 84 12 91 74 57 92 14 9 68 45 7 86 69 96 48 70 59 79 93 25 95 29 65 17 94 40 5 35 42 13 34 24 6 38 62 39 100 
291: 73 78 11 60 66 36 18 27 64 52 76 84 12 91 74 57 14 9 68 45 7 86 69 96 48 70 59 79 93 25 95 29 65 17 94 40 5 35 42 13 34 24 6 38 62 39 100 
292: 73 78 11 60 66 36 18 27 64 52 76 84 12 91 74 57 14 9 68 45 7 86 69 96 48 70 59 79 93 25 95 29 65 17 94 40 5 35 42 13 34 24 6 38 62 39 100 44 
293: 73 78 11 60 66 36 18 27 64 52 76 84 12 91 74 57 14 9 68 45 7 86 69 96 48 70 59 79 93 25 95 29 65 17 94 40 5 35 42 34 24 6 38 62 39 100 44 
294: 73 78 11 60 66 36 18 27 64 52 76 84 12 91 74 57 14 9 68 45 7 86 69 96 48 70 59 79 93 25 95 29 65 17 94 40 5 35 42 34 24 6 38 62 39 100 44 83 
295: 73 78 11 60 66 36 18 27 64 52 76 84 12 91 74 57 14 9 68 45 7 86 69 96 48 70 59 79 93 25 95 29 65 17 94 40 5 35 42 34 24 6 38 62 39 100 44 83 4 
296: 73 78 11 60 66 36 18 27 64 52 76 84 12 91 74 57 14 9 68 45 7 86 69 96 48 70 59 79 93 25 95 29 65 17 40 5 35 42 34 24 6 38 62 39 100 44 83 4 
297: 73 78 11 60 66 36 18 27 64 52 76 84 12 91 74 57 14 9 68 45 7 86 69 96 48 70 59 79 93 25 95 29 65 17 40 5 35 42 34 24 6 38 62 39 100 44 83 4 22 
298: 73 78 11 60 66 36 18 27 64 52 76 84 12 91 74 57 14 9 68 45 7 86 69 96 48 70 79 93 25 95 29 65 17 40 5 35 42 34 24 6 38 62 39 100 44 83 4 22 
299: 73 78 11 60 66 36 18 27 64 52 76 84 12 91 74 57 14 9 68 45 7 86 69 96 48 70 79 93 25 95 29 65 17 40 5 35 42 34 24 6 38 62 39 100 44 83 4 22 97 
300: 73 78 11 60 66 36 18 27 64 52 76 84 12 91 74 57 14 68 45 7 86 69 96 48 70 79 93 25 95 29 65 17 40 5 35 42 34 24 6 38 62 39 100 44 83 4 22 97 
301: 73 78 11 60 66 36 18 27 64 52 76 84 12 91 74 57 14 68 45 7 86 69 96 48 70 79 93 25 95 29 65 17 40 5 35 42 34 24 6 38 62 39 100 44 83 22 97 
302: 73 78 11 60 66 36 18 27 64 52 76 84 12 91 74 57 14 68 45 7 86 69 96 48 70 79 93 25 95 29 65 17 40 5 35 42 24 6 38 62 39 100 44 83 22 97 
303: 73 78 11 60 66 36 18 27 64 52 84 12 91 74 57 14 68 45 7 86 69 96 48 70 79 93 25 95 29 65 17 40 5 35 42 24 6 38 62 39 100 44 83 22 97 
304: 73 78 11 60 66 36 18 27 64 52 84 12 91 74 57 14 68 45 7 86 69 96 48 70 79 93 25 95 29 65 17 40 5 35 42 24 6 38 62 39 100 44 83 22 97 16 
305: 73 78 11 60 66 36 18 27 64 52 84 12 91 74 57 14 68 45 7 86 96 48 70 79 93 25 95 29 65 17 40 5 35 42 24 6 38 62 39 100 44 83 22 97 16 
306: 73 78 11 60 66 36 18 27 64 52 84 12 91 74 57 14 68 45 7 86 96 48 70 79 93 25 95 29 65 17 40 5 35 42 24 6 38 62 39 44 83 22 97 16 
307: 73 78 11 60 66 36 18 27 64 52 84 12 91 74 57 14 68 45 7 86 96 48 70 79 93 25 95 29 65 17 40 5 35 42 24 6 38 62 39 44 83 22 97 16 63 
308: 73 78 11 60 66 36 18 27 64 52 84 12 91 74 57 14 68 45 7 86 96 48 70 79 93 25 95 29 65 17 40 5 35 42 24 6 38 62 39 44 83 22 97 16 63 61 
309: 73 78 11 60 66 36 18 27 64 52 84 12 91 74 57 14 68 45 7 86 96 48 70 79 93 25 95 29 65 17 40 5 35 42 24 6 38 62 39 44 83 22 97 16 63 61 47 
310: 73 78 11 60 66 36 18 27 64 52 84 12 91 57 14 68 45 7 86 96 48 70 79 93 25 95 29 65 17 40 5 35 42 24 6 38 62 39 44 83 22 97 16 63 61 47 
311: 73 78 11 60 66 36 18 27 64 52 84 12 91 57 14 68 45 7 86 96 48 70 79 93 25 95 29 65 17 40 5 35 42 24 6 38 62 39 44 83 22 16 63 61 47 
312: 73 78 60 66 36 18 27 64 52 84 12 91 57 14 68 45 7 86 96 48 70 79 93 25 95 29 65 17 40 5 35 42 24 6 38 62 39 44 83 22 16 63 61 47 
313: 73 78 60 66 36 18 27 64 52 84 12 91 57 14 68 45 7 86 96 48 70 79 93 25 95 29 65 17 40 5 35 42 24 6 38 62 39 44 83 22 16 63 61 47 55 
314: 73 78 60 66 36 18 27 64 52 84 12 91 57 14 68 45 7 86 96 48 70 79 93 25 95 29 65 17 40 5 35 42 24 6 38 62 39 44 83 22 16 63 61 47 55 13 
315: 73 78 60 66 36 18 27 64 52 84 12 91 57 14 68 45 7 86 96 48 70 79 93 25 95 29 65 17 40 5 35 42 24 6 38 62 39 44 83 22 16 63 61 47 55 13 19 
316: 73 78 60 66 36 18 27 64 52 84 12 91 57 14 68 45 7 86 96 48 70 79 93 25 95 29 65 17 40 5 35 42 24 6 38 62 39 44 83 22 16 63 61 47 55 13 19 15 
317: 73 78 60 66 36 18 27 64 52 84 12 91 57 14 68 45 7 86 96 48 70 79 93 25 95 29 65 17 40 5 35 42 24 6 38 62 39 44 22 16 63 61 47 55 13 19 15 
318: 73 78 60 66 36 18 27 64 52 84 12 91 57 14 68 45 7 86 96 48 70 79 93 25 95 29 65 17 40 5 35 42 24 6 38 39 44 22 16 63 61 47 55 13 19 15 
319: 73 78 60 66 36 18 27 64 52 84 12 91 57 14 68 45 7 86 96 48 70 93 25 95 29 65 17 40 5 35 42 24 6 38 39 44 22 16 63 61 47 55 13 19 15 
320: 73 78 60 66 36 18 27 64 52 84 12 91 57 14 68 45 7 86 96 48 70 93 25 95 29 65 17 40 5 35 42 24 38 39 44 22 16 63 61 47 55 13 19 15 
321: 73 78 60 66 36 18 27 64 52 84 12 91 57 14 68 45 7 86 96 48 70 93 25 95 29 65 17 40 5 35 42 24 38 39 44 22 16 63 61 47 55 13 19 15 94 
322: 73 78 60 66 36 18 27 64 52 84 12 91 57 14 68 45 7 86 96 48 70 93 25 95 29 65 17 40 35 42 24 38 39 44 22 16 63 61 47 55 13 19 15 94 
323: 73 78 60 66 36 18 27 64 52 84 12 91 57 14 68 45 7 86 96 48 70 93 25 95 29 65 17 40 35 42 24 38 39 44 22 16 63 61 47 55 13 15 94 
324: 73 78 60 66 36 18 27 64 52 84 12 91 57 14 68 45 7 86 96 48 70 93 25 95 29 65 17 40 35 42 24 38 39 44 22 16 63 61 47 55 13 15 94 85 
325: 73 78 60 66 36 18 27 64 52 84 12 91 57 14 68 45 7 86 96 48 70 93 25 95 29 65 17 40 35 42 24 38 39 44 22 16 63 61 55 13 15 94 85 
326: 73 78 60 66 36 18 27 64 52 84 12 91 57 14 68 45 7 86 96 48 70 93 25 95 29 65 17 40 35 42 24 38 39 44 22 16 63 61 55 13 15 94 85 53 
327: 73 78 60 66 36 18 27 64 52 84 12 91 57 14 68 45 7 86 96 48 70 93 25 95 29 65 17 40 35 42 38 39 44 22 16 63 61 55 13 15 94 85 53 
328: 73 78 60 66 36 18 27 64 52 84 12 91 57 14 68 45 7 86 96 48 70 93 25 95 29 17 40 35 42 38 39 44 22 16 63 61 55 13 15 94 85 53 
329: 73 78 60 66 36 18 27 64 52 84 12 91 57 14 68 45 7 86 96 48 70 93 25 95 29 17 40 35 42 38 39 44 22 16 61 55 13 15 94 85 53 
330: 73 78 60 66 36 18 27 64 52 84 12 91 57 14 68 45 7 86 96 48 70 93 25 95 29 17 40 35 42 38 39 44 22 16 61 55 13 94 85 53 
331: 73 78 60 66 36 18 27 64 52 84 12 91 57 14 68 45 7 86 96 48 70 93 25 95 29 17 40 35 42 38 39 44 22 16 61 55 13 94 85 53 58 
332: 73 78 60 66 36 18 27 64 52 84 12 91 57 14 68 45 7 86 96 48 70 93 25 95 29 17 40 35 42 38 39 44 22 16 61 55 13 94 85 53 58 49 
333: 73 78 60 66 36 18 27 64 52 84 12 91 57 14 68 45 7 86 96 48 70 93 25 95 17 40 35 42 38 39 44 22 16 61 55 13 94 85 53 58 49 
334: 73 78 60 66 36 18 27 64 52 84 12 91 57 14 68 45 7 86 96 48 70 93 25 95 17 40 35 42 38 39 44 22 16 61 55 13 94 85 53 58 49 79 
335: 73 78 60 66 36 18 27 64 52 84 12 91 57 14 68 45 7 86 96 48 70 93 25 95 17 40 35 42 38 39 44 22 16 61 55 13 94 85 53 58 49 79 81 
336: 73 78 60 66 36 18 27 64 52 84 12 91 57 14 68 45 7 86 96 48 70 93 25 95 17 40 35 42 38 39 44 22 16 61 55 13 94 85 53 58 49 79 81 97 
337: 73 78 60 36 18 27 64 52 84 12 91 57 14 68 45 7 86 96 48 70 93 25 95 17 40 35 42 38 39 44 22 16 61 55 13 94 85 53 58 49 79 81 97 
338: 73 78 60 36 18 27 64 52 84 12 91 57 14 68 45 7 86 96 48 70 93 25 95 17 40 35 42 38 39 44 22 16 61 55 13 94 85 53 58 49 79 81 97 9 
339: 73 78 60 36 18 27 64 52 84 12 91 57 14 68 45 7 86 96 48 70 93 25 95 17 40 35 42 38 39 44 22 16 61 55 13 94 85 53 58 49 79 81 97 9 30 
340: 73 78 60 36 18 27 64 52 84 12 91 57 14 68 45 7 86 96 48 70 93 25 95 17 40 35 42 38 39 44 22 16 61 55 13 94 85 53 58 49 79 81 97 9 30 32 
341: 73 78 60 36 18 27 64 52 84 12 91 57 14 68 45 7 86 96 48 70 93 25 95 17 40 35 42 38 39 44 22 16 61 55 13 94 85 53 58 49 79 81 97 9 30 32 43 
342: 73 78 60 36 18 27 64 52 84 12 91 57 68 45 7 86 96 48 70 93 25 95 17 40 35 42 38 39 44 22 16 61 55 13 94 85 53 58 49 79 81 97 9 30 32 43 
343: 73 78 60 36 18 27 64 52 84 12 91 57 68 45 7 96 48 70 93 25 95 17 40 35 42 38 39 44 22 16 61 55 13 94 85 53 58 49 79 81 97 9 30 32 43 
344: 73 78 60 36 18 27 64 52 84 12 91 57 68 45 7 96 48 70 93 25 95 17 40 35 42 38 39 44 22 16 61 55 13 94 85 53 58 49 81 97 9 30 32 43 
345: 73 78 60 36 18 27 64 52 84 12 91 57 68 45 7 96 48 70 93 25 95 17 35 42 38 39 44 22 16 61 55 13 94 85 53 58 49 81 97 9 30 32 43 
346: 73 78 60 36 18 27 64 52 84 12 91 57 68 45 7 96 48 70 93 25 95 17 35 42 38 39 44 22 16 61 55 13 94 85 53 58 49 81 97 9 30 32 43 63 
347: 73 78 60 36 18 27 64 52 84 12 91 57 68 45 7 96 48 70 93 25 95 17 35 42 38 39 44 22 16 61 55 13 94 85 53 58 49 81 97 9 30 32 43 63 79 
348: 73 78 60 36 18 27 64 52 84 12 91 57 68 45 7 96 48 70 93 25 17 35 42 38 39 44 22 16 61 55 13 94 85 53 58 49 81 97 9 30 32 43 63 79 
349: 73 78 60 36 18 27 64 52 84 12 91 57 68 45 7 96 48 70 93 25 17 35 42 38 39 44 22 16 61 55 13 94 85 53 58 49 81 97 9 30 32 43 63 79 3 
350: 73 78 60 36 18 27 64 52 84 12 91 57 68 45 7 96 48 70 93 25 17 35 42 38 39 44 22 16 61 55 13 94 85 53 58 49 81 97 9 30 32 43 63 79 3 100 
351: 73 78 60 36 18 27 64 52 84 12 91 57 68 45 7 96 48 70 93 25 17 35 42 38 39 44 22 16 61 55 13 94 85 53 58 49 81 97 30 32 43 63 79 3 100 
352: 73 78 60 36 18 27 64 52 84 12 91 57 45 7 96 48 70 93 25 17 35 42 38 39 44 22 16 61 55 13 94 85 53 58 49 81 97 30 32 43 63 79 3 100 
353: 73 78 60 36 18 27 64 52 84 12 91 57 45 7 96 48 70 93 25 17 35 42 38 39 44 16 61 55 13 94 85 53 58 49 81 97 30 32 43 63 79 3 100 
354: 73 78 60 36 18 27 64 52 84 12 91 57 45 7 96 48 70 93 25 17 35 38 39 44 16 61 55 13 94 85 53 58 49 81 97 30 32 43 63 79 3 100 
355: 73 78 60 36 18 27 64 52 84 12 91 57 45 7 96 48 70 93 25 17 35 38 39 44 16 61 55 13 94 85 53 58 49 81 97 30 32 43 63 79 3 100 89 
356: 78 60 36 18 27 64 52 84 12 91 57 45 7 96 48 70 93 25 17 35 38 39 44 16 61 55 13 94 85 53 58 49 81 97 30 32 43 63 79 3 100 89 
357: 78 60 36 18 27 64 52 84 12 91 57 45 7 96 48 70 93 25 17 35 38 39 44 16 61 55 13 94 85 53 58 49 81 97 30 32 43 63 79 3 100 89 42 
358: 78 60 36 18 27 64 52 84 12 91 57 45 7 96 48 70 93 17 35 38 39 44 16 61 55 13 94 85 53 58 49 81 97 30 32 43 63 79 3 100 89 42 
359: 78 60 36 18 27 64 52 84 12 91 57 45 7 96 48 70 93 17 35 38 39 44 16 61 55 13 94 85 53 58 49 81 97 30 32 43 63 79 3 100 89 42 62 
360: 78 60 36 18 27 64 52 84 12 91 57 45 7 96 48 70 93 17 35 38 39 44 61 55 13 94 85 53 58 49 81 97 30 32 43 63 79 3 100 89 42 62 
361: 78 60 36 18 27 64 52 84 12 91 57 45 7 96 48 70 93 17 35 38 39 44 61 55 94 85 53 58 49 81 97 30 32 43 63 79 3 100 89 42 62 
362: 78 60 36 18 27 64 52 84 12 91 57 45 7 96 48 70 93 17 35 38 39 44 61 55 94 85 53 58 49 81 97 30 32 43 63 79 3 100 89 42 62 88 
363: 78 60 36 18 27 64 52 84 12 91 57 45 7 96 48 70 93 17 35 38 39 44 61 55 94 85 53 58 49 81 97 30 32 43 63 79 3 100 89 42 62 88 66 
364: 78 60 36 18 27 52 84 12 91 57 45 7 96 48 70 93 17 35 38 39 44 61 55 94 85 53 58 49 81 97 30 32 43 63 79 3 100 89 42 62 88 66 
365: 78 60 36 18 27 52 84 12 91 57 45 7 96 48 70 93 17 35 38 39 44 61 55 94 85 53 58 49 81 97 30 32 43 63 79 3 100 89 42 62 88 66 24 
366: 78 60 36 18 27 52 84 12 91 57 45 7 96 48 70 93 17 35 38 39 44 61 55 94 85 53 58 49 81 97 30 32 43 63 79 3 100 89 42 62 88 66 24 47 
367: 78 60 36 18 27 52 84 12 91 57 45 7 96 48 70 93 17 35 38 39 44 61 55 94 85 53 58 49 81 97 30 32 43 63 79 3 100 89 42 62 88 66 24 
368: 78 60 36 18 27 52 84 12 91 57 45 96 48 70 93 17 35 38 39 44 61 55 94 85 53 58 49 81 97 30 32 43 63 79 3 100 89 42 62 88 66 24 
369: 78 60 36 18 27 52 84 12 91 57 45 96 48 70 93 17 35 38 39 44 61 55 94 85 53 58 49 81 97 30 32 43 63 79 3 100 89 42 62 88 66 24 82 
370: 78 60 18 27 52 84 12 91 57 45 96 48 70 93 17 35 38 39 44 61 55 94 85 53 58 49 81 97 30 32 43 63 79 3 100 89 42 62 88 66 24 82 
371: 78 60 18 27 52 84 12 91 57 45 96 48 70 93 17 35 38 39 61 55 94 85 53 58 49 81 97 30 32 43 63 79 3 100 89 42 62 88 66 24 82 
372: 78 60 18 27 52 84 12 91 57 45 96 48 70 93 17 35 38 39 61 55 94 85 53 58 49 81 97 30 32 43 63 79 3 100 89 42 62 88 66 24 82 33 
373: 78 60 18 27 52 84 12 91 57 45 96 48 70 93 17 35 38 39 61 55 94 85 53 58 49 81 97 30 32 43 63 79 3 100 89 42 62 88 66 24 82 33 11 
374: 78 60 18 27 52 84 12 91 57 45 96 48 70 93 17 35 38 39 61 55 94 85 53 58 49 81 97 30 32 43 63 79 3 100 89 42 62 88 66 24 82 33 11 44 
375: 78 60 18 27 52 84 12 91 57 45 96 48 70 93 17 35 38 39 61 55 94 85 53 58 81 97 30 32 43 63 79 3 100 89 42 62 88 66 24 82 33 11 44 
376: 78 60 18 27 52 84 12 91 57 45 96 48 70 93 17 35 38 39 61 55 94 85 53 58 81 97 30 32 43 63 79 3 100 89 42 62 88 66 24 82 33 11 44 64 
377: 78 60 18 27 52 84 12 91 57 45 96 48 70 93 17 35 38 39 61 55 94 85 53 81 97 30 32 43 63 79 3 100 89 42 62 88 66 24 82 33 11 44 64 
378: 78 60 18 27 52 84 12 91 57 45 96 48 70 93 17 35 38 39 61 55 94 85 53 81 97 30 32 43 63 79 3 100 89 42 62 88 66 24 82 33 11 44 64 86 
379: 78 60 18 27 52 84 12 91 57 45 96 48 70 93 17 35 38 39 61 55 94 85 53 81 97 30 32 43 63 3 100 89 42 62 88 66 24 82 33 11 44 64 86 
380: 78 60 18 27 52 84 12 91 57 96 48 70 93 17 35 38 39 61 55 94 85 53 81 97 30 32 43 63 3 100 89 42 62 88 66 24 82 33 11 44 64 86 
381: 78 60 18 27 52 84 12 91 57 96 48 70 93 17 35 38 39 61 55 94 85 53 81 97 30 32 43 63 3 100 89 42 62 88 66 24 82 33 11 44 64 86 31 
382: 78 60 18 27 52 84 12 91 57 96 48 70 93 17 35 38 39 61 55 94 85 53 81 97 30 32 43 63 3 100 89 42 62 88 66 24 82 33 11 44 64 86 31 98 
383: 78 60 18 52 84 12 91 57 96 48 70 93 17 35 38 39 61 55 94 85 53 81 97 30 32 43 63 3 100 89 42 62 88 66 24 82 33 11 44 64 86 31 98 
384: 78 60 18 52 84 12 91 57 96 48 70 93 17 35 38 39 61 55 94 85 53 81 97 30 32 43 63 3 100 89 42 88 66 24 82 33 11 44 64 86 31 98 
385: 78 60 18 52 84 12 91 57 96 48 70 93 17 35 38 39 61 55 94 85 53 81 97 30 32 43 63 3 100 89 42 88 66 24 82 33 11 44 64 86 31 98 68 
386: 78 60 18 52 84 12 91 57 96 48 70 93 17 35 38 39 61 55 94 85 53 81 97 30 32 43 63 3 100 89 42 88 66 24 82 33 11 44 64 86 31 98 68 51 
387: 78 60 18 52 84 12 91 57 96 48 70 93 17 35 38 39 61 55 94 85 53 81 97 30 32 43 63 3 100 89 42 88 66 24 82 33 11 44 64 86 31 98 68 51 28 
388: 78 60 18 52 84 12 91 57 96 48 70 93 17 35 38 39 61 55 94 85 53 81 97 30 32 43 63 3 100 89 42 88 66 24 82 33 11 44 64 86 31 98 51 28 
389: 78 60 18 52 84 12 91 57 96 48 70 93 17 35 38 39 61 55 94 85 53 81 97 30 32 43 63 3 100 89 42 88 66 24 82 33 11 44 64 86 98 51 28 
390: 78 60 18 52 84 12 91 57 96 48 93 17 35 38 39 61 55 94 85 53 81 97 30 32 43 63 3 100 89 42 88 66 24 82 33 11 44 64 86 98 51 28 
391: 78 60 18 52 84 12 91 57 96 93 17 35 38 39 61 55 94 85 53 81 97 30 32 43 63 3 100 89 42 88 66 24 82 33 11 44 64 86 98 51 28 
392: 78 60 18 52 84 12 91 57 96 93 17 35 38 39 61 55 94 85 53 81 97 30 32 43 63 3 100 89 42 88 66 24 82 33 11 44 64 86 98 51 28 73 
393: 78 60 18 52 84 12 91 57 96 93 17 35 38 39 61 55 94 85 53 81 97 30 32 43 63 3 89 42 88 66 24 82 33 11 44 64 86 98 51 28 73 
394: 78 60 18 84 12 91 57 96 93 17 35 38 39 61 55 94 85 53 81 97 30 32 43 63 3 89 42 88 66 24 82 33 11 44 64 86 98 51 28 73 
395: 78 60 18 84 12 91 57 96 93 17 35 38 39 61 55 94 85 53 81 97 30 32 43 63 3 89 42 88 66 24 82 33 44 64 86 98 51 28 73 
396: 78 60 18 84 12 91 57 96 93 17 35 38 39 61 55 94 85 53 81 97 30 32 43 63 3 89 42 88 66 24 82 33 44 64 86 98 51 28 73 95 
397: 78 60 18 84 12 91 57 96 93 17 35 38 39 61 55 94 85 53 81 97 30 32 43 63 3 89 42 88 66 24 82 33 44 64 86 98 51 28 73 95 75 
398: 78 60 18 84 12 91 57 96 93 17 35 38 39 61 55 94 85 53 81 97 30 32 43 63 3 89 42 88 66 24 82 33 44 64 86 98 51 28 73 95 75 59 
399: 78 60 18 84 12 91 57 96 93 17 35 38 39 61 55 94 85 53 81 97 30 32 43 63 3 89 42 88 66 24 82 33 44 64 86 98 51 28 73 95 75 59 54 
400: 78 60 18 84 12 91 57 96 93 17 35 38 39 61 55 94 85 53 81 97 30 32 43 63 3 89 42 88 66 24 82 33 44 64 86 98 51 28 73 95 75 59 54 6 
401: 78 60 18 84 12 91 57 96 93 17 35 38 39 61 55 94 85 53 81 97 30 32 43 63 3 89 42 88 66 24 82 33 44 64 86 51 28 73 95 75 59 54 6 
402: 78 60 18 84 12 91 57 96 93 17 35 38 39 61 55 94 85 53 81 97 30 32 43 63 3 89 42 88 66 24 82 33 44 64 86 51 28 73 95 75 59 54 6 34 
403: 78 60 18 84 12 91 57 96 93 17 35 38 39 61 55 94 85 53 81 97 30 32 43 63 3 89 42 88 66 24 82 33 44 64 86 51 28 73 95 75 59 54 6 34 14 
404: 78 60 18 84 12 91 57 96 93 17 35 38 39 61 55 94 85 53 81 97 30 32 43 63 3 89 42 88 66 24 33 44 64 86 51 28 73 95 75 59 54 6 34 14 
405: 78 60 18 84 12 91 57 96 93 17 35 38 39 61 55 94 85 53 81 97 30 32 43 63 3 89 42 88 66 24 33 44 64 86 51 28 73 95 75 59 54 6 34 14 40 
406: 78 60 18 84 12 91 57 96 93 17 35 38 39 61 55 94 85 53 97 30 32 43 63 3 89 42 88 66 24 33 44 64 86 51 28 73 95 75 59 54 6 34 14 40 
407: 78 60 18 84 12 91 57 96 93 17 35 38 39 61 55 85 53 97 30 32 43 63 3 89 42 88 66 24 33 44 64 86 51 28 73 95 75 59 54 6 34 14 40 
408: 78 60 18 84 12 91 57 96 93 17 35 38 39 61 55 85 53 97 30 32 43 63 3 89 42 88 66 24 33 44 64 86 51 28 73 95 75 59 54 6 34 14 40 100 
409: 78 60 18 84 12 91 57 96 93 17 35 38 39 61 55 85 53 97 30 32 43 63 3 89 42 88 66 24 33 44 64 86 51 28 73 95 75 59 54 6 34 14 40 100 11 
410: 78 60 18 84 12 91 57 96 93 17 35 38 39 61 55 85 53 97 30 32 43 63 3 89 42 88 66 24 33 44 64 86 51 28 95 75 59 54 6 34 14 40 100 11 
411: 78 60 18 84 12 91 57 96 93 17 35 38 39 61 55 85 53 97 30 32 43 63 3 89 42 88 66 24 33 44 64 51 28 95 75 59 54 6 34 14 40 100 11 
412: 78 60 18 84 12 91 57 96 93 17 35 38 39 61 55 85 53 97 30 32 43 63 3 89 42 88 66 24 33 44 64 51 28 95 75 59 54 6 34 14 40 100 11 81 
413: 78 60 18 84 12 91 57 96 93 17 35 38 39 61 55 85 53 97 30 32 43 63 3 89 42 88 66 24 33 44 64 51 28 95 75 59 54 6 34 14 40 100 11 81 67 
414: 78 60 18 84 12 91 57 96 93 17 35 38 39 61 55 85 53 97 30 32 43 63 3 89 42 88 66 24 33 44 64 51 28 95 75 59 54 6 34 14 40 100 11 81 67 73 
415: 78 60 18 84 12 91 57 96 93 17 35 38 39 61 55 85 53 97 30 32 43 3 89 42 88 66 24 33 44 64 51 28 95 75 59 54 6 34 14 40 100 11 81 67 73 
416: 78 60 18 84 12 91 57 96 93 17 35 38 39 61 55 85 53 97 30 32 43 3 89 42 88 66 24 33 44 64 51 28 95 75 59 54 6 34 14 40 100 11 81 67 73 49 
417: 78 60 18 84 12 91 57 96 93 17 35 38 39 61 55 85 53 97 30 32 43 3 89 42 88 66 24 33 44 64 51 28 95 75 59 54 6 34 14 40 100 11 81 67 73 49 9 
418: 78 60 18 84 12 91 57 96 93 17 35 38 39 61 55 85 53 97 30 32 43 3 89 42 88 66 24 33 44 64 51 28 95 75 59 54 6 34 14 40 100 11 81 67 73 49 9 13 
419: 78 60 18 84 12 91 57 96 93 17 35 38 39 61 55 85 53 97 30 32 43 3 89 42 88 66 24 33 44 64 51 28 95 75 59 54 6 34 14 40 100 11 81 67 73 49 9 13 20 
420: 78 60 18 84 12 91 57 96 93 17 35 38 39 61 55 85 53 97 30 32 43 3 89 42 88 66 24 33 44 64 51 28 95 75 59 54 6 34 14 40 100 11 81 67 73 49 9 13 20 29 
421: 78 60 18 84 12 91 57 96 93 17 35 38 39 61 55 85 53 97 30 32 43 3 89 42 88 66 24 33 44 64 51 28 95 75 59 54 6 34 14 40 100 11 81 67 49 9 13 20 29 
422: 78 60 18 84 12 91 57 96 93 17 35 38 39 61 55 85 53 97 30 32 43 3 89 42 88 66 24 33 44 51 28 95 75 59 54 6 34 14 40 100 11 81 67 49 9 13 20 29 
423: 78 60 18 84 12 91 57 96 93 17 35 38 39 61 55 85 53 97 30 32 43 3 89 42 88 66 24 33 44 51 28 95 75 59 54 6 34 14 40 100 11 81 67 49 9 13 20 29 74 
424: 78 60 18 84 12 91 57 96 93 17 35 38 39 61 55 85 53 97 30 32 43 3 89 42 88 66 24 33 51 28 95 75 59 54 6 34 14 40 100 11 81 67 49 9 13 20 29 74 
425: 78 60 18 84 12 91 57 96 93 17 35 38 39 61 55 85 53 97 30 32 43 3 89 42 88 66 24 33 51 28 95 75 59 54 6 34 14 40 100 81 67 49 9 13 20 29 74 
426: 78 60 18 84 12 91 57 96 93 17 35 38 39 61 55 85 53 97 30 32 43 3 89 42 88 66 24 33 51 28 95 75 59 54 6 34 14 40 100 81 67 49 9 13 20 29 74 46 
427: 78 60 18 84 12 91 57 96 93 17 35 38 39 61 55 85 53 97 30 32 43 3 89 42 88 66 24 33 51 28 95 75 59 54 6 34 14 40 100 81 67 49 9 13 20 29 74 46 86 
428: 78 60 18 84 12 91 57 96 93 17 35 38 39 61 55 85 53 97 30 32 43 3 89 42 88 66 24 33 51 28 95 75 59 54 6 34 14 40 100 81 67 49 9 13 20 29 74 46 86 10 
429: 78 60 84 12 91 57 96 93 17 35 38 39 61 55 85 53 97 30 32 43 3 89 42 88 66 24 33 51 28 95 75 59 54 6 34 14 40 100 81 67 49 9 13 20 29 74 46 86 10 
430: 78 60 84 12 91 57 96 93 17 35 38 39 61 55 85 53 97 30 32 43 3 89 42 88 66 24 33 51 28 95 75 59 54 6 34 14 40 100 81 67 49 9 13 20 29 74 46 86 10 45 
431: 78 60 84 12 91 57 96 93 17 35 38 39 61 55 85 53 97 30 32 43 3 89 42 88 66 24 33 51 28 95 75 59 54 6 34 14 40 100 81 67 49 9 13 20 29 74 46 86 10 45 22 
432: 78 60 84 12 91 57 96 93 35 38 39 61 55 85 53 97 30 32 43 3 89 42 88 66 24 33 51 28 95 75 59 54 6 34 14 40 100 81 67 49 9 13 20 29 74 46 86 10 45 22 
433: 78 60 84 12 91 57 96 93 35 38 39 61 55 85 53 97 30 32 43 3 89 42 88 66 24 33 51 28 95 75 59 54 6 34 14 40 100 81 67 49 9 13 20 29 74 46 86 10 45 22 18 
434: 78 60 84 12 91 57 96 93 35 38 39 61 55 85 53 97 30 32 43 3 89 42 88 66 24 33 51 28 95 75 59 54 6 34 14 40 100 81 67 49 9 13 20 29 74 46 86 10 45 22 18 31 
435: 78 60 84 12 91 57 96 93 35 38 39 61 55 85 53 97 30 32 43 3 89 42 88 66 24 33 51 28 95 75 59 54 6 34 14 40 100 81 67 49 9 13 20 29 74 46 86 10 45 22 18 31 2 
436: 78 60 84 12 91 57 96 93 35 38 39 61 55 85 53 97 30 32 43 3 89 42 88 66 24 33 51 28 95 75 59 54 6 34 14 40 100 81 67 49 9 13 20 29 74 46 86 10 45 22 18 31 2 73 
437: 78 60 84 12 91 57 96 93 35 38 39 61 55 85 53 97 30 32 3 89 42 88 66 24 33 51 28 95 75 59 54 6 34 14 40 100 81 67 49 9 13 20 29 74 46 86 10 45 22 18 31 2 73 
438: 78 60 84 12 91 57 96 93 35 38 39 61 55 85 53 97 30 32 3 89 42 88 66 24 33 51 28 95 75 59 54 6 34 14 40 100 81 67 49 9 13 20 29 74 46 86 10 45 22 18 31 2 73 94 
439: 78 60 84 12 91 57 96 93 35 38 39 61 55 85 53 97 30 32 3 89 42 88 66 24 33 51 28 95 75 59 54 6 34 14 40 100 81 67 49 9 13 20 29 74 46 86 10 45 22 18 31 2 73 94 1 
440: 78 60 84 12 91 57 96 93 35 38 39 61 55 85 53 97 30 32 3 89 42 88 66 24 33 51 28 95 75 59 54 6 34 14 40 100 81 67 49 9 13 20 74 46 86 10 45 22 18 31 2 73 94 1 
441: 78 60 84 12 91 57 96 93 35 38 39 61 55 85 53 97 30 32 3 89 42 88 66 24 33 51 28 95 75 59 54 6 34 14 40 100 67 49 9 13 20 74 46 86 10 45 22 18 31 2 73 94 1 
442: 78 60 84 12 91 57 96 93 35 38 39 61 55 85 53 97 30 32 3 89 42 88 66 24 33 51 28 95 75 59 54 6 34 14 40 100 67 49 9 13 20 74 46 86 10 45 22 18 31 2 73 94 1 25 
443: 78 60 84 12 91 57 96 93 35 39 61 55 85 53 97 30 32 3 89 42 88 66 24 33 51 28 95 75 59 54 6 34 14 40 100 67 49 9 13 20 74 46 86 10 45 22 18 31 2 73 94 1 25 
444: 78 60 84 12 91 57 96 93 35 39 61 55 85 53 97 32 3 89 42 88 66 24 33 51 28 95 75 59 54 6 34 14 40 100 67 49 9 13 20 74 46 86 10 45 22 18 31 2 73 94 1 25 
445: 78 60 84 12 91 57 96 93 35 39 61 55 85 53 97 32 3 89 42 88 66 24 33 51 28 95 75 59 54 6 34 14 40 100 67 49 9 13 20 74 46 86 10 45 22 18 31 2 73 1 25 
446: 78 60 84 12 91 57 96 93 35 39 61 55 85 53 97 3 89 42 88 66 24 33 51 28 95 75 59 54 6 34 14 40 100 67 49 9 13 20 74 46 86 10 45 22 18 31 2 73 1 25 
447: 78 60 84 12 91 57 96 93 35 39 61 55 85 53 97 3 89 42 88 66 24 33 51 28 95 75 59 54 6 34 14 40 100 67 49 9 13 20 74 46 86 10 45 22 18 31 2 73 1 25 68 
448: 78 60 84 12 91 57 96 93 35 39 61 55 85 53 97 3 89 42 88 66 24 33 51 28 75 59 54 6 34 14 40 100 67 49 9 13 20 74 46 86 10 45 22 18 31 2 73 1 25 68 
449: 78 60 84 12 91 96 93 35 39 61 55 85 53 97 3 89 42 88 66 24 33 51 28 75 59 54 6 34 14 40 100 67 49 9 13 20 74 46 86 10 45 22 18 31 2 73 1 25 68 
450: 78 60 84 12 91 96 93 35 39 61 55 85 53 97 3 89 42 88 66 24 33 51 28 75 59 54 6 34 14 40 100 67 49 9 13 20 74 46 86 10 45 22 18 31 2 73 1 25 68 95 
451: 78 60 84 12 91 96 93 35 39 61 55 85 53 97 3 89 42 88 66 24 33 51 75 59 54 6 34 14 40 100 67 49 9 13 20 74 46 86 10 45 22 18 31 2 73 1 25 68 95 
452: 78 60 84 12 91 96 93 39 61 55 85 53 97 3 89 42 88 66 24 33 51 75 59 54 6 34 14 40 100 67 49 9 13 20 74 46 86 10 45 22 18 31 2 73 1 25 68 95 
453: 78 60 84 12 91 96 93 39 61 55 85 53 97 3 89 42 88 66 24 33 51 75 59 54 6 34 14 40 100 67 49 9 13 20 74 46 86 10 45 22 18 31 2 73 1 25 68 95 79 
454: 78 60 84 12 91 93 39 61 55 85 53 97 3 89 42 88 66 24 33 51 75 59 54 6 34 14 40 100 67 49 9 13 20 74 46 86 10 45 22 18 31 2 73 1 25 68 95 79 
455: 78 60 84 12 91 93 39 61 55 85 53 97 3 89 42 66 24 33 51 75 59 54 6 34 14 40 100 67 49 9 13 20 74 46 86 10 45 22 18 31 2 73 1 25 68 95 79 
456: 78 60 84 12 91 93 39 61 55 85 53 97 3 89 42 66 24 33 51 75 59 54 6 34 14 40 100 67 49 9 13 20 74 46 86 10 45 22 18 31 2 73 1 25 68 95 79 32 
457: 78 60 84 12 91 93 39 61 55 85 53 97 3 89 42 66 24 33 51 75 59 54 6 34 14 40 100 67 49 9 13 20 74 46 86 10 45 22 18 31 2 73 1 25 68 95 79 32 26 
458: 78 60 84 12 91 93 39 61 55 85 53 97 3 89 42 66 24 33 51 75 59 54 6 14 40 100 67 49 9 13 20 74 46 86 10 45 22 18 31 2 73 1 25 68 95 79 32 26 
459: 78 60 84 12 91 93 39 61 55 85 53 97 3 89 42 24 33 51 75 59 54 6 14 40 100 67 49 9 13 20 74 46 86 10 45 22 18 31 2 73 1 25 68 95 79 32 26 
460: 78 60 84 12 91 39 61 55 85 53 97 3 89 42 24 33 51 75 59 54 6 14 40 100 67 49 9 13 20 74 46 86 10 45 22 18 31 2 73 1 25 68 95 79 32 26 
461: 78 60 84 12 91 39 61 55 85 53 97 3 89 42 24 33 51 75 59 54 6 14 40 100 67 49 9 13 20 74 46 86 10 45 22 18 31 2 73 1 25 68 95 79 32 26 64 
462: 78 60 84 12 91 39 61 55 85 53 97 3 89 42 24 33 51 75 59 54 6 14 40 100 67 49 9 13 20 74 46 86 10 45 22 18 31 2 73 1 25 68 95 79 32 26 64 62 
463: 78 60 84 12 91 39 61 55 85 53 97 3 89 42 24 33 51 75 59 54 6 14 40 100 67 49 9 13 20 74 46 86 10 45 22 18 31 2 73 1 25 68 95 79 32 26 64 62 11 
464: 78 60 84 12 91 39 61 55 85 53 97 3 89 42 24 33 51 75 59 54 6 14 40 100 67 49 9 13 20 74 46 86 10 45 22 18 31 2 73 1 25 68 95 79 32 26 64 62 11 88 
465: 78 60 84 12 91 39 61 55 85 53 97 3 89 42 24 33 51 75 59 54 6 14 40 100 67 49 9 13 20 74 46 86 10 45 22 18 31 2 73 1 25 68 95 79 32 26 64 62 11 88 90 
466: 78 60 84 12 91 39 61 55 85 53 97 3 89 42 24 33 51 75 59 54 6 14 40 100 67 49 9 13 20 74 46 86 10 45 22 18 31 2 73 1 25 68 95 79 32 26 64 62 11 88 90 23 
467: 78 60 84 91 39 61 55 85 53 97 3 89 42 24 33 51 75 59 54 6 14 40 100 67 49 9 13 20 74 46 86 10 45 22 18 31 2 73 1 25 68 95 79 32 26 64 62 11 88 90 23 
468: 78 60 84 91 39 61 55 85 53 97 3 89 42 24 33 51 75 59 54 6 14 40 100 67 49 9 13 20 74 46 86 10 45 22 18 31 2 73 1 25 95 79 32 26 64 62 11 88 90 23 
469: 78 60 84 91 39 61 55 85 53 97 3 89 42 24 33 51 75 59 54 6 14 40 100 67 49 9 13 20 74 46 86 10 45 22 18 31 2 73 1 25 95 79 32 26 64 62 11 88 90 23 77 
470: 78 60 84 91 39 61 55 85 53 97 3 89 42 24 33 51 75 59 54 6 14 40 100 67 49 9 13 20 74 46 86 10 45 22 18 31 2 73 25 95 79 32 26 64 62 11 88 90 23 77 
471: 78 60 84 91 39 61 55 85 53 97 3 89 42 24 33 51 75 59 54 6 14 40 100 67 49 9 13 20 74 46 86 10 45 22 18 31 2 73 25 95 79 32 26 64 62 11 88 90 23 77 82 
472: 78 84 91 39 61 55 85 53 97 3 89 42 24 33 51 75 59 54 6 14 40 100 67 49 9 13 20 74 46 86 10 45 22 18 31 2 73 25 95 79 32 26 64 62 11 88 90 23 77 82 
473: 78 84 91 39 61 55 85 53 97 3 89 42 24 33 51 75 59 54 6 14 40 100 67 49 9 13 20 74 46 86 10 45 22 18 31 2 73 25 95 79 32 26 64 62 11 88 90 23 77 82 56 
474: 78 84 91 39 61 55 85 53 97 3 89 42 24 33 51 75 59 54 14 40 100 67 49 9 13 20 74 46 86 10 45 22 18 31 2 73 25 95 79 32 26 64 62 11 88 90 23 77 82 56 
475: 78 84 91 39 61 55 85 53 97 3 89 42 24 33 51 75 59 54 14 40 100 67 49 9 13 20 74 46 86 10 45 22 18 31 2 73 25 95 79 32 26 64 62 11 88 90 23 77 82 56 43 
476: 84 91 39 61 55 85 53 97 3 89 42 24 33 51 75 59 54 14 40 100 67 49 9 13 20 74 46 86 10 45 22 18 31 2 73 25 95 79 32 26 64 62 11 88 90 23 77 82 56 43 
477: 84 91 39 61 55 85 53 97 3 89 42 24 33 51 75 59 54 14 40 100 67 49 9 13 20 74 46 86 10 45 22 18 31 2 73 25 95 79 32 26 64 62 11 88 90 23 77 82 56 43 35 
478: 84 91 39 61 55 85 53 97 3 89 42 24 33 51 75 59 54 14 40 100 67 49 9 13 20 74 46 86 10 45 22 18 31 2 73 25 95 79 32 26 64 62 11 88 90 23 82 56 43 35 
479: 84 91 39 61 55 85 53 97 3 89 42 24 33 51 75 59 54 14 40 100 67 49 9 13 20 74 46 86 10 45 22 18 31 2 73 25 95 79 32 26 64 62 11 88 90 23 82 56 43 35 57 
480: 84 91 39 61 55 85 53 97 3 89 42 24 33 51 75 59 54 14 40 100 67 49 9 13 20 74 46 86 10 45 22 18 31 2 73 25 95 79 32 26 64 62 11 88 90 23 82 56 43 35 57 80 
