1000
1 39
1 68
0 97
0 30
1 73
1 42
0 95
1 29
1 80
1 5
1 95
1 26
1 86
0 60
1 51
1 71
0 27
0 64
0 43
0 38
0 48
0 67
1 3
1 10
1 41
1 78
0 50
0 68
0 33
0 38
0 52
1 28
1 50
0 52
1 35
1 11
1 72
0 28
1 76
0 60
1 2
0 2
0 91
1 37
1 48
1 10
1 34
0 81
0 79
0 27
0 26
0 99
0 17
1 23
0 62
1 60
0 70
1 66
1 83
1 87
1 28
0 33
0 33
1 95
1 50
0 76
0 61
1 23
1 51
0 22
1 30
0 79
0 42
1 63
1 97
0 6
1 97
1 36
1 55
0 93
1 55
1 82
1 46
0 45
1 5
1 60
0 46
1 37
1 85
0 63
0 100
1 9
1 10
1 77
1 78
0 24
0 93
0 100
1 13
1 85
1 9
1 4
1 85
1 45
0 91
1 2
1 79
1 37
1 5
1 8
0 86
0 67
1 87
1 67
1 9
1 21
0 99
1 26
1 15
0 4
0 82
0 46
1 18
0 52
0 100
0 9
0 41
0 67
0 40
0 82
1 88
1 20
0 77
0 74
1 67
0 100
1 38
1 60
0 84
0 29
0 21
0 19
0 63
0 91
1 22
0 53
0 26
1 99
0 69
1 98
0 5
0 83
1 98
1 48
0 4
0 63
1 17
1 36
1 22
1 33
0 50
1 4
1 61
1 82
0 30
0 16
1 79
1 27
0 43
1 9
1 54
1 73
0 57
1 50
1 37
1 73
0 23
1 66
1 33
0 16
1 29
0 47
0 84
0 35
1 99
1 75
1 19
0 74
0 6
0 4
0 9
1 81
0 7
1 18
1 96
1 53
1 68
1 82
1 24
0 29
1 64
1 78
1 2
0 8
1 26
0 54
1 91
1 20
0 83
1 88
1 23
0 1
1 40
1 93
0 2
1 89
0 77
1 98
1 68
0 41
0 68
1 30
1 31
1 6
0 39
1 42
0 34
1 2
0 28
0 39
0 68
0 46
1 96
0 77
1 48
1 60
0 15
1 76
1 43
0 10
0 26
1 93
0 97
1 35
1 40
1 5
0 56
1 54
1 44
0 19
0 100
1 9
1 23
1 11
0 17
0 97
1 76
0 5
1 87
0 48
1 16
1 37
1 53
1 27
1 24
0 39
0 26
0 41
0 83
0 65
0 75
1 92
1 54
1 22
1 87
0 70
1 72
1 77
1 99
0 71
0 51
0 97
0 8
0 77
1 40
0 40
1 6
0 16
1 79
0 51
0 9
1 22
1 29
0 7
1 53
0 2
1 90
1 32
0 39
1 38
1 52
0 95
1 11
1 69
0 98
0 9
1 43
0 89
0 29
0 50
0 76
0 88
0 5
0 61
0 30
1 76
1 78
1 39
1 32
0 81
0 77
0 39
0 19
0 42
0 74
0 32
0 98
0 65
1 90
0 48
0 26
0 100
0 92
1 94
0 48
1 56
0 15
1 47
0 72
1 84
0 83
0 97
1 85
0 33
1 37
1 45
1 54
1 68
0 38
1 72
0 39
0 13
0 72
1 90
0 99
0 44
0 91
1 64
0 53
1 53
0 79
0 55
1 96
1 29
0 87
1 22
1 30
1 30
0 45
0 47
1 43
1 80
0 30
1 12
1 91
1 74
1 64
1 1
0 2
0 96
1 32
0 13
0 50
0 13
0 65
1 94
1 1
0 44
1 16
0 15
0 22
0 28
0 68
1 48
0 13
0 57
1 59
0 57
1 67
0 6
1 32
0 43
0 24
1 66
0 93
0 49
1 21
1 3
1 60
1 57
1 92
0 67
1 37
0 61
1 44
0 35
0 69
0 59
1 14
0 35
1 9
0 24
0 15
1 68
1 27
1 45
1 40
0 71
0 86
0 32
0 49
1 7
1 94
1 13
0 94
0 17
1 86
1 82
1 69
0 25
0 77
0 16
1 31
1 96
1 68
0 48
0 44
0 38
0 24
1 48
0 1
1 70
1 59
0 37
0 3
0 25
0 81
1 47
0 29
1 83
1 69
1 64
1 36
0 1
0 55
1 79
0 15
1 44
0 2
1 51
0 44
0 83
1 18
0 90
1 23
1 93
0 54
0 54
0 13
1 52
0 5
1 25
0 82
1 95
0 51
0 39
1 23
1 73
1 54
0 37
1 86
1 18
0 90
1 80
1 29
0 21
1 64
0 56
0 17
0 32
0 47
1 65
1 95
0 61
0 51
1 76
0 31
1 27
1 17
1 25
0 40
0 82
1 94
1 52
1 40
0 80
1 5
1 59
0 85
1 47
0 21
0 23
0 20
1 74
1 7
1 84
0 47
1 54
1 7
0 53
1 88
1 35
1 32
1 42
1 65
0 54
0 15
0 39
1 78
1 21
1 13
1 34
0 21
0 2
0 44
1 24
0 90
0 26
0 4
0 88
1 7
0 8
0 21
1 6
1 9
1 38
0 82
0 32
1 62
0 81
0 39
1 39
1 66
1 100
0 82
0 92
0 31
0 61
1 44
0 53
1 44
1 25
0 13
1 27
1 40
0 30
1 14
1 57
1 83
1 52
1 94
1 4
0 94
0 80
1 35
1 93
1 22
0 3
1 76
0 59
1 39
1 97
1 7
1 35
0 9
0 4
0 34
1 83
0 76
1 16
1 45
0 87
1 29
0 3
0 69
0 76
0 100
1 63
1 25
0 46
1 35
1 40
1 61
1 47
1 35
1 97
0 74
0 97
0 76
0 11
1 12
1 55
0 9
0 69
1 13
1 19
1 15
1 19
0 83
0 62
0 79
1 47
1 45
0 6
1 94
1 63
0 5
0 19
1 85
0 47
1 53
0 49
0 26
0 46
1 84
0 24
1 17
1 13
0 65
0 80
1 38
1 66
0 63
1 60
0 23
1 48
0 74
1 45
0 15
1 58
1 49
0 11
0 54
0 29
1 45
1 79
0 5
1 81
0 80
1 18
1 97
0 28
1 13
1 68
0 66
0 28
1 9
1 30
1 12
1 32
0 69
1 43
0 54
0 92
0 14
0 86
1 73
0 79
0 40
1 63
0 74
1 18
1 79
0 95
0 8
1 3
1 36
0 1
0 71
1 25
1 100
1 93
1 78
0 9
0 68
0 22
0 65
0 26
0 42
1 89
0 46
0 77
0 87
0 73
0 20
0 40
0 10
1 42
0 54
1 55
0 25
1 17
0 19
1 35
1 62
1 60
0 66
1 43
0 16
0 13
0 15
0 5
1 88
0 14
1 100
1 66
1 48
0 64
1 24
0 77
0 26
1 47
0 28
0 47
0 7
1 82
0 64
1 48
0 36
0 44
1 33
1 11
1 44
0 49
0 29
0 8
1 64
1 48
0 47
0 86
0 58
0 26
0 4
0 23
1 86
0 79
1 32
0 1
0 67
0 45
0 25
1 52
1 62
1 31
1 98
1 12
0 34
0 27
0 62
0 80
0 71
1 68
1 51
1 28
0 68
0 16
1 28
0 31
0 70
0 48
0 80
1 73
0 100
0 6
0 52
0 11
1 95
1 24
0 49
0 65
1 75
1 59
0 99
1 95
1 54
0 87
1 6
0 98
0 10
0 70
0 40
1 34
1 14
0 82
1 60
1 30
1 78
1 40
1 81
0 47
0 81
0 68
1 96
0 94
0 72
0 69
0 47
1 100
1 11
0 73
1 30
1 55
0 94
0 86
1 81
0 8
0 69
0 50
1 96
0 20
0 10
1 81
1 42
1 67
1 64
0 73
0 45
0 4
1 73
0 63
0 25
0 69
1 49
1 9
1 13
0 62
1 20
1 29
0 73
0 64
1 89
1 33
0 63
1 74
0 76
0 44
0 11
1 46
0 82
1 55
1 86
1 67
1 10
0 18
1 45
1 22
0 17
1 18
0 41
0 70
1 31
0 68
0 76
0 52
0 19
1 2
1 73
1 61
1 14
0 68
1 60
0 43
1 94
1 59
1 6
1 1
0 92
0 29
0 81
1 28
0 37
0 7
1 49
0 43
1 97
1 24
1 2
1 88
0 29
1 32
1 25
0 70
1 1
0 38
0 30
0 36
0 94
1 28
1 60
1 55
0 32
1 68
0 95
0 32
0 52
0 57
1 95
1 95
0 80
0 32
1 49
0 28
1 60
0 35
0 28
1 79
0 19
0 96
1 53
0 88
0 41
1 32
1 26
0 34
0 63
0 66
0 83
0 5
1 51
0 65
0 80
0 41
0 93
1 64
1 62
0 50
0 99
0 90
1 11
0 80
0 92
1 88
1 90
1 20
0 30
1 23
1 78
0 12
0 99
0 68
1 77
0 66
0 1
0 50
1 82
1 40
0 27
0 50
1 18
0 60
1 56
1 61
1 45
1 56
0 98
0 6
1 43
1 53
0 78
1 10
0 83
1 35
0 76
0 77
1 57
1 45
0 70
0 98
1 80
0 60
